15112024 112.408402777778 0.724049234041612 0.000396580780370199 1.00000000
15112025 112.429965277778 0.721530168706029 0.000401958222907931 1.00000000
15112026 112.450497685185 0.715433549912646 0.000385016063338978 1.00000000
15112027 112.474270833333 0.719782389334088 0.000416351897614185 1.00000000
15112028 112.494583333333 0.712770219112107 0.000389519724771253 1.00000000
15112029 112.516365740741 0.742114133371859 0.000397423543482715 1.00000000
15112030 112.537766203704 0.756123464170891 0.000441466789030277 1.00000000
15112031 112.558298611111 0.73012773767438 0.000424622846700316 1.00000000
15112046 112.867453703704 0.692279576011082 0.00040136729991386 1.00000000
15112047 112.889363425926 0.715594862589611 0.000382381227703772 1.00000000
15112048 112.911435185185 0.725196302192958 0.000477436459469648 1.00000000
15112049 112.929479166667 0.69142790742366 0.00119063865839454 1.00000000
15112050 112.932638888889 0.717594412638354 0.000382994222989112 1.00000000
15112051 112.954606481481 0.721528024856686 0.00039090287770036 1.00000000
15112052 112.978043981481 0.695323234861127 0.000516109259933502 1.00000000
15113001 113.004976851852 0.735613141585073 0.00047016616895074 1.00000000
15114046 114.76212962963 0.724513500950581 0.000400354212895535 1.00000000
15114047 114.783668981481 0.697970217579157 0.000411667412560577 1.00000000
15114048 114.805451388889 0.726881001298772 0.000402010834964636 1.00000000
15114050 114.832118055556 0.722301148319494 0.000397465337709811 1.00000000
15114051 114.8540625 0.722048373074563 0.000379815419651524 1.00000000
15114052 114.876666666667 0.699854437486258 0.000535642238390881 1.00000000
15114053 114.888900462963 0.697208871479283 0.000393330446880408 1.00000000
15114054 114.910590277778 0.715182857594292 0.000395614398109802 1.00000000
15114055 114.932523148148 0.747907995714499 0.000377040701574888 1.00000000
15114056 114.955416666667 0.728567547699663 0.000625946351724529 1.00000000
15114057 114.966979166667 0.727882899713643 0.000442228417399634 1.00000000
15114058 114.983761574074 0.756117541264366 0.000701702074414717 1.00000000
15115079 115.805150462963 0.718344686598719 0.000406539923459372 1.00000000
15115080 115.826759259259 0.722652479609383 0.000389282260548439 1.00000000
15115081 115.848483796296 0.712051050762997 0.000873584942145452 1.00000000
15115082 115.854826388889 0.733090308664205 0.000342703566313538 1.00000000
15115083 115.881840277778 0.723531108860761 0.000374206522345132 1.00000000
15115084 115.904363425926 0.744604630769737 0.00037646372390039 1.00000000
15115085 115.925543981481 0.718247523045813 0.000376919724054239 1.00000000
15115086 115.9471875 0.724804814674369 0.000377370121591668 1.00000000
15115087 115.969027777778 0.719319576903464 0.000503042561522845 1.00000000
15115088 115.982199074074 0.75837720860468 0.000984287236468465 1.00000000
15116032 116.396875 0.731189138337203 0.000425554789594978 1.00000000
15116033 116.418518518519 0.71150164012695 0.000430231080387443 1.00000000
15116034 116.439976851852 0.71320611523982 0.000381193962237652 1.00000000
15116035 116.461435185185 0.71821293927285 0.000780744952775305 1.00000000
15116036 116.468935185185 0.721275985820217 0.00042249778475169 1.00000000
15116037 116.490601851852 0.71168682082656 0.000410275456683043 1.00000000
15116039 116.515509259259 0.725555012836954 0.000379417691982994 1.00000000
15116040 116.537002314815 0.7292836196062 0.000383032564057952 1.00000000
15116041 116.558645833333 0.706269050176424 0.000384365751380494 1.00000000
15116042 116.58025462963 0.743311174535863 0.000444317075931693 1.00000000
15116059 116.896365740741 0.712737377716798 0.000393343861894177 1.00000000
15116060 116.918726851852 0.696438024273191 0.000397545086374458 1.00000000
15116061 116.940833333333 0.715144489073196 0.000381701448961661 1.00000000
15116062 116.962662037037 0.725880701374483 0.000380756292328714 1.00000000
15116068 116.990358796296 0.693376209678802 0.000473042122043503 1.00000000
15117003 117.037488425926 0.735400298199414 0.000407772766497192 1.00000000
15117004 117.055520833333 0.746840288541931 0.000405799914479634 1.00000000
15117005 117.074398148148 0.723790373987945 0.000538688893018283 1.00000000
15117058 117.60375 0.724879021362468 0.00038744763548074 1.00000000
15117059 117.626087962963 0.703192168773764 0.000382972946605622 1.00000000
15117060 117.647708333333 0.741957602131742 0.000367265786683184 1.00000000
15117061 117.669479166667 0.716464264648318 0.000368327286660086 1.00000000
15117062 117.691099537037 0.738073498172991 0.000378991980647789 1.00000000
15117063 117.712916666667 0.728812159784549 0.000373480521212393 1.00000000
15117064 117.734953703704 0.718197995239227 0.000368486324640788 1.00000000
15117065 117.756655092593 0.723150977522128 0.00034954384773641 1.00000000
15117066 117.780891203704 0.723629800724217 0.000358931976671574 1.00000000
15117067 117.80369212963 0.705717523106164 0.000369949450077629 1.00000000
15117068 117.826354166667 0.739193712951633 0.000362491344319557 1.00000000
15117069 117.848703703704 0.742336434158398 0.000350615383558515 1.00000000
15117070 117.872824074074 0.731326351098156 0.000370516350748023 1.00000000
15118015 118.250671296296 0.710988767764843 0.000390992980474595 1.00000000
15118016 118.271689814815 0.723649291003458 0.000383649403906857 1.00000000
15118017 118.293148148148 0.716701517884728 0.000379419614345761 1.00000000
15118018 118.314699074074 0.731690632925311 0.000354269247515946 1.00000000
15118019 118.337523148148 0.73952677449706 0.000368930353956401 1.00000000
15118020 118.359166666667 0.731952167615854 0.000371726684077208 1.00000000
15118021 118.38068287037 0.735931800937812 0.000371520662303129 1.00000000
15118022 118.402268518519 0.725840576060949 0.000373402590331837 1.00000000
15118023 118.423831018519 0.756018843159498 0.000377133311292489 1.00000000
15118024 118.445405092593 0.735281566677601 0.000557045396038436 1.00000000
15118061 118.936388888889 0.674393586998226 0.00268387703883855 1.00000000
15118062 118.938645833333 0.696505019394024 0.00145596039136949 1.00000000
15118063 118.943645833333 0.665777353329496 0.00142990694261125 1.00000000
15118064 118.945856481481 0.741576219190219 0.000510708474973196 1.00000000
15118065 118.959259259259 0.728344717252095 0.000401078397909589 1.00000000
15118066 118.979791666667 0.718142162025247 0.000377527606066984 1.00000000
15119008 119.011238425926 0.692685215367634 0.000379888225777255 1.00000000
15119009 119.032997685185 0.706818417584048 0.00047988466789509 1.00000000
15119010 119.047106481481 0.712195012152844 0.000544348831367631 1.00000000
15119011 119.059768518519 0.742804022460367 0.000365979372640548 1.00000000
15119012 119.081840277778 0.715633192961721 0.000374119950959383 1.00000000
15119013 119.103564814815 0.741338860940928 0.000366223458185892 1.00000000
15119014 119.12568287037 0.720130681657014 0.000386600749757758 1.00000000
15119015 119.146990740741 0.73980439862884 0.00058788985312598 1.00000000
15119025 119.395127314815 0.710985640192369 0.000378119417873507 1.00000000
15119026 119.420405092593 0.715272379094059 0.000361556624834845 1.00000000
15119027 119.445543981481 0.726780207779664 0.000344517176156476 1.00000000
15119028 119.471319444444 0.731490649315198 0.000737722071504645 1.00000000
15119029 119.478148148148 0.724118515211271 0.000376266669487585 1.00000000
15119031 119.501377314815 0.703510789423555 0.000342912492353886 1.00000000
15119032 119.528159722222 0.726100725066835 0.000471715548302193 1.00000000
15119034 119.543460648148 0.709995650043706 0.000376606762885255 1.00000000
15119035 119.565706018519 0.713790519172382 0.000361313633609752 1.00000000
15119036 119.589525462963 0.710815978924933 0.000408950961417334 1.00000000
15119057 119.891990740741 0.716226562809395 0.000389682092411816 1.00000000
15119058 119.913831018519 0.718903219378781 0.000377780484647358 1.00000000
15119059 119.93525462963 0.759623408253649 0.000801235341216475 1.00000000
15119063 119.950486111111 0.748358882834754 0.00035663448981846 1.00000000
15119064 119.974375 0.71652659030096 0.000441867032164912 1.00000000
15119065 119.989328703704 0.728789043041239 0.000364038559833587 1.00000000
15120001 120.011469907407 0.714384891734147 0.000375788011363309 1.00000000
15120002 120.032939814815 0.745021195474855 0.000364160483876679 1.00000000
15120004 120.0575 0.73257185327392 0.000352913364339161 1.00000000
15120005 120.081956018519 0.736182109309581 0.000358254612711819 1.00000000
15120006 120.106111111111 0.732169197749363 0.000380537499695461 1.00000000
15120007 120.127453703704 0.753558152022112 0.000371136184546812 1.00000000
15120008 120.149108796296 0.759162225496757 0.000375090812325097 1.00000000
15120009 120.170659722222 0.740917908607187 0.000381008272598515 1.00000000
15120011 120.227164351852 0.758317015348483 0.000519648095249135 1.00000000
15120117 120.994664351852 0.735730972530103 0.000555206402095025 1.00000000
15121001 121.006597222222 0.737666738425586 0.000392329874779319 1.00000000
15121002 121.028229166667 0.737174006445639 0.000387513342905682 1.00000000
15121003 121.050023148148 0.729191817138126 0.00039196615159565 1.00000000
15121004 121.071574074074 0.694504107716546 0.000387972057311302 1.00000000
15121005 121.092893518519 0.738276444810665 0.000721089619540563 1.00000000
15121006 121.100115740741 0.731184384446399 0.000381861929905937 1.00000000
15121007 121.121736111111 0.742675706806663 0.000383060001240862 1.00000000
15121008 121.14318287037 0.725784778742913 0.000368773582073392 1.00000000
15121009 121.1678125 0.744656263117862 0.00037396111695461 1.00000000
15121010 121.189606481481 0.749747612209746 0.000573994776402019 1.00000000
15121012 121.205092592593 0.738698897030155 0.000384116448340879 1.00000000
15121013 121.226643518519 0.719878789853502 0.000384047032153398 1.00000000
15121015 121.251041666667 0.738731212511901 0.00043012563499919 1.00000000
15121016 121.268657407407 0.711218185899997 0.000401394049813446 1.00000000
15121017 121.290798611111 0.746754194968668 0.000388207875314736 1.00000000
15121018 121.312986111111 0.743716447013247 0.000348936231177818 1.00000000
15121062 121.771689814815 0.00345545496946885 0.00192333545370777 1.00000000
15121063 121.773055555556 0.735175320881139 0.000430401305404027 1.00000000
15121065 121.789108796296 0.688667115384502 0.00040333026982888 1.00000000
15121066 121.809131944444 0.694563860068134 0.000400342172768194 1.00000000
15121067 121.830902777778 0.73029659522032 0.000436701820566288 1.00000000
15121068 121.848587962963 0.692705509832512 0.000397333979852772 1.00000000
15121070 121.87162037037 0.717333034978289 0.000398786120619444 1.00000000
15121071 121.893576388889 0.743490638926691 0.000375031833329381 1.00000000
15121072 121.916909722222 0.698660189035228 0.000388849416203779 1.00000000
15121075 121.949710648148 0.748037647991663 0.000849138892548233 1.00000000
15121076 121.954814814815 0.736975840176848 0.000363154359511896 1.00000000
15121077 121.978865740741 0.716044839392268 0.000388200797444386 1.00000000
15121078 122.000497685185 0.731560520848586 0.000366684208588951 1.00000000
15122003 122.028043981481 0.730749522537619 0.000383107977775661 1.00000000
15122004 122.050034722222 0.743702116773047 0.000386454042551628 1.00000000
15122006 122.07337962963 0.707965621970344 0.000392137927536031 1.00000000
15122008 122.099733796296 0.732912448927407 0.000385623962907005 1.00000000
15122010 122.123148148148 0.752475252195609 0.000389742116850604 1.00000000
15122011 122.145208333333 0.742419241092112 0.000510975147735491 1.00000000
15122030 122.427939814815 0.659988111119419 0.00111875370288994 1.00000000
15122031 122.43693287037 0.693428655961482 0.000368430123981856 1.00000000
15122034 122.467141203704 0.694967058707395 0.000375880562797216 1.00000000
15122039 122.500925925926 0.703932700700084 0.000331056654531177 1.00000000
15122041 122.534224537037 0.698217319048808 0.000328338486017193 1.00000000
15122042 122.565416666667 0.735722370634761 0.000308982580144877 1.00000000
15122043 122.597638888889 0.731602806529957 0.00110505124572806 1.00000000
15122044 122.605231481481 0.748756344629476 0.000350549909111827 1.00000000
15122045 122.630729166667 0.644299887589215 0.00346723403168611 1.00000000
15122049 122.689201388889 0.727904267037172 0.000740554178565648 1.00000000
15122062 122.932303240741 0.638957341438237 0.000424352992970213 1.00000000
15122063 122.956203703704 0.709834370846219 0.00041161084486982 1.00000000
15122064 122.978171296296 0.720659292129735 0.000406884902582917 1.00000000
15122065 123.000081018519 0.717213204232659 0.0004259352660115 1.00000000
15123001 123.021724537037 0.708563423303509 0.000402344775160174 1.00000000
15123002 123.043518518519 0.726451939788755 0.000380505560006822 1.00000000
15123003 123.068425925926 0.701133641231018 0.000397713535694764 1.00000000
15123004 123.090023148148 0.711946017060149 0.000596416121040707 1.00000000
15123005 123.111979166667 0.726749427801923 0.00148259764783492 1.00000000
15123006 123.119108796296 0.730807919329534 0.000420756006318876 1.00000000
15123009 123.139988425926 0.733176039999601 0.000363474946431432 1.00000000
15123010 123.165810185185 0.723777306676212 0.000367446474174117 1.00000000
15123011 123.189525462963 0.735246695833894 0.000509700750666423 1.00000000
15123019 123.380115740741 0.747121304468893 0.000388615706688767 1.00000000
15123020 123.403877314815 0.722589627046756 0.000386003103854225 1.00000000
15123021 123.429895833333 0.723920434146611 0.000350300577406792 1.00000000
15123022 123.458252314815 0.69422805032529 0.000377708162074169 1.00000000
15123023 123.48474537037 0.72144642716882 0.000364578933871754 1.00000000
15123024 123.511458333333 0.73092938308148 0.000389204521731277 1.00000000
15123025 123.534143518519 0.73459083140649 0.000368411969928031 1.00000000
15123026 123.558483796296 0.722214879957937 0.000390239321027413 1.00000000
15123027 123.580763888889 0.728383278719297 0.00035685553445957 1.00000000
15123028 123.609965277778 0.689885732381982 0.000464725544423832 1.00000000
15123035 123.659143518519 0.733447709259617 0.000390371756893767 1.00000000
15123036 123.68099537037 0.740939033610343 0.000362256042871417 1.00000000
15123037 123.705740740741 0.751642529429821 0.000404897631891891 1.00000000
15123050 123.923368055556 0.705140562331834 0.000574475714169269 1.00000000
15123051 123.935706018519 0.730066099756385 0.000425960695860234 1.00000000
15123052 123.955381944444 0.700316155932839 0.000431406974636137 1.00000000
15123053 123.976979166667 0.721523434047849 0.000402772408367511 1.00000000
15123054 123.998622685185 0.724078667650993 0.000400414712354871 1.00000000
15124001 124.020162037037 0.715189905963503 0.000410144825310128 1.00000000
15124002 124.041770833333 0.704704213559281 0.000416208892341109 1.00000000
15124003 124.06337962963 0.699237164275952 0.000399875840698104 1.00000000
15124004 124.084641203704 0.684724931655939 0.000534817666548651 1.00000000
15124005 124.097905092593 0.713020747235433 0.000561360490685165 1.00000000
15124006 124.116215277778 0.719246326511817 0.000385667302305857 1.00000000
15124007 124.137731481481 0.701428748794869 0.000413071046508467 1.00000000
15124008 124.157627314815 0.751150982764281 0.00036030729932666 1.00000000
15124009 124.181898148148 0.690792452333942 0.00131271609280126 1.00000000
15124010 124.187256944444 0.754839892485967 0.000768173515253511 1.00000000
15124028 124.377430555556 0.634647333806201 0.00105620187169514 1.00000000
15124029 124.382118055556 0.706793057185214 0.00161045730281829 1.00000000
15124031 124.386608796296 0.733905384310365 0.00045497706497817 1.00000000
15124032 124.41056712963 0.721567224183066 0.000392470887397978 1.00000000
15124033 124.435451388889 0.727262781507615 0.000454905500514479 1.00000000
15124034 124.453171296296 0.709428546809997 0.00039276759934116 1.00000000
15124035 124.476747685185 0.720221559351483 0.000365947183866787 1.00000000
15124036 124.50224537037 0.698382341999664 0.00170602096886494 1.00000000
15124037 124.506238425926 0.721393802131955 0.000496697523829814 1.00000000
15124039 124.534675925926 0.723188238008806 0.000688937551740551 1.00000000
15124040 124.544895833333 0.725229578341054 0.000396395794665052 1.00000000
15124041 124.566076388889 0.720929390142846 0.000336262958791322 1.00000000
15124042 124.595694444444 0.724817528783065 0.000330126680149819 1.00000000
15124043 124.626064814815 0.726407826738091 0.000394149357869645 1.00000000
15124044 124.648414351852 0.70031255128496 0.000981279275968718 1.00000000
15124056 124.835231481481 0.71854238516098 0.000396489874715003 1.00000000
15124057 124.86037037037 0.719507658171099 0.000405160413663295 1.00000000
15124058 124.883263888889 0.709160195764858 0.000312019186553614 1.00000000
15124060 124.928518518519 0.70647853374436 0.000377525704307872 1.00000000
15124061 124.954699074074 0.724823267922794 0.000400151142435032 1.00000000
15124062 124.976365740741 0.718315685745893 0.000395917293629342 1.00000000
15124063 124.997962962963 0.722357278193024 0.000427471831964499 1.00000000
15125001 125.019675925926 0.726590613355284 0.000384737654962 1.00000000
15125002 125.041099537037 0.729158192961533 0.000394678685955628 1.00000000
15125003 125.062048611111 0.583125796523084 0.00726097528005349 1.00000000
15125004 125.069641203704 0.721543090170541 0.000924740681663798 1.00000000
15125007 125.087025462963 0.731689916567775 0.000459004499643097 1.00000000
15125066 125.676550925926 0.744815386958145 0.000656765556290134 1.00000000
15125067 125.689363425926 0.716689846137204 0.000386191512851311 1.00000000
15126009 126.132673611111 0.718697814451092 0.00041025644147519 1.00000000
15126010 126.154166666667 0.705823229415362 0.00041021224923378 1.00000000
15126011 126.176064814815 0.714909672623783 0.000391204422146909 1.00000000
15126012 126.198333333333 0.71575860312345 0.000390776441802894 1.00000000
15126013 126.21994212963 0.72063346686404 0.000377868385114741 1.00000000
15126014 126.241469907407 0.756653098136165 0.000599027303329908 1.00000000
15126015 126.253171296296 0.717713291884544 0.000378185635278859 1.00000000
15126016 126.278078703704 0.722719853913757 0.000302524729649039 1.00000000
15126017 126.3115625 0.7312809042387 0.000382054120563814 1.00000000
15126018 126.333136574074 0.731422556888571 0.000418332794986242 1.00000000
15126019 126.355706018519 0.728140511874869 0.000732458753993 1.00000000
15126020 126.361759259259 0.847719249345556 0.00196041269357789 1.00000000
15126021 126.36474537037 0.739803368552992 0.000700813301269709 1.00000000
15126022 126.371064814815 0.719994980313399 0.000440364770074992 1.00000000
15126023 126.390358796296 0.742352508603687 0.000391519226814168 1.00000000
15126042 126.629131944444 0.465358948501014 0.000897346834069517 1.00000000
15126043 126.635543981481 0.697720305048665 0.000419685948215509 1.00000000
15126044 126.656990740741 0.704759981378093 0.000336411625969708 1.00000000
15126045 126.685185185185 0.713397975279167 0.000370139051659442 1.00000000
15126046 126.708726851852 0.723474937446621 0.000364016172235525 1.00000000
15126047 126.732141203704 0.711503987174157 0.000362379406979092 1.00000000
15126048 126.756793981481 0.721553941836464 0.000343668582092223 1.00000000
15126049 126.782361111111 0.698846439721322 0.000370798653321957 1.00000000
15126050 126.806597222222 0.733485844010018 0.000392059245682344 1.00000000
15126051 126.826284722222 0.738438102665856 0.000349940371520434 1.00000000
15126052 126.849733796296 0.718183355608451 0.000340368329212864 1.00000000
15126053 126.875520833333 0.729917655195588 0.000424817362474488 1.00000000
15126054 126.892465277778 0.704399212274959 0.000671164676851683 1.00000000
15127004 127.071944444444 0.716742245099913 0.000404041523287524 1.00000000
15127005 127.0934375 0.722118335342262 0.000392379447919988 1.00000000
15127006 127.115578703704 0.711885006480306 0.000392132900927423 1.00000000
15127007 127.137141203704 0.71553618113143 0.000394519161343696 1.00000000
15127008 127.158773148148 0.701446745603463 0.000878480147891534 1.00000000
15127009 127.165601851852 0.712474909871963 0.000378390796427099 1.00000000
15127010 127.1871875 0.716692388398057 0.000376267152398851 1.00000000
15127011 127.208761574074 0.717750790002674 0.000375682124074095 1.00000000
15127012 127.242800925926 0.730298897614366 0.000532252515020794 1.00000000
15127013 127.253414351852 0.731327076793453 0.000403285045751557 1.00000000
15128022 128.354583333333 0.749007222534404 0.00162238869633954 1.00000000
15128023 128.382384259259 0.71607402054736 0.00182092129987801 1.00000000
15128024 128.384930555556 0.716348052099928 0.000334607772554654 1.00000000
15128025 128.413564814815 0.721040899512374 0.000415594984805871 1.00000000
15128026 128.433472222222 0.702427091099732 0.000331551901951605 1.00000000
15128027 128.461365740741 0.712396729732972 0.000490036750263725 1.00000000
15128028 128.474594907407 0.708018838269078 0.000320018912294603 1.00000000
15128029 128.504675925926 0.722647955928649 0.000319832036036312 1.00000000
15128030 128.537199074074 0.698395486906474 0.000702674284485881 1.00000000
15128031 128.544895833333 0.713724106649699 0.000588071969775756 1.00000000
15128032 128.557511574074 0.724958905405992 0.000318408824530512 1.00000000
15128033 128.590069444444 0.718014718910378 0.000459053286568554 1.00000000
15129002 129.033344907407 0.722254508627191 0.00043228239400248 1.00000000
15129003 129.055092592593 0.705586521910502 0.000557850665560964 1.00000000
15129004 129.073356481481 0.702803929219986 0.000434185674204797 1.00000000
15129006 129.143888888889 0.716974212950637 0.000393966067018771 1.00000000
15129007 129.165486111111 0.730779177127622 0.000385958215857731 1.00000000
15129008 129.186990740741 0.712825797033704 0.000631576057783409 1.00000000
15129009 129.197673611111 0.729245808746138 0.000376128832015628 1.00000000
15129010 129.219351851852 0.726591367475174 0.000374241027218853 1.00000000
15129011 129.242662037037 0.727750210085613 0.000401481824080024 1.00000000
15129012 129.26462962963 0.735047620502892 0.000319063422467321 1.00000000
15129013 129.296539351852 0.733209252846596 0.000309942843763317 1.00000000
15129014 129.328634259259 0.727444896073361 0.00060025885544296 1.00000000
15129015 129.338368055556 0.706424072051183 0.0003409345985231 1.00000000
15129016 129.367418981482 0.728217549646121 0.000331172246286933 1.00000000
15129017 129.398078703704 0.736965485877957 0.000486180202257834 1.00000000
15129018 129.412430555556 0.7514973051412 0.000353851882009187 1.00000000
15129022 129.439722222222 0.730334093807901 0.000627154078944103 1.00000000
15129050 129.93037037037 0.712667581784291 0.000352812457895292 1.00000000
15129051 129.960497685185 0.724014624238217 0.000405751897811462 1.00000000
15129052 129.982060185185 0.703633043930468 0.000411151724911154 1.00000000
15130001 130.003796296296 0.708143525805411 0.000394583273367954 1.00000000
15130002 130.025347222222 0.703396517077732 0.000401081342080756 1.00000000
15130003 130.046840277778 0.698658918826591 0.000394748666554028 1.00000000
15130004 130.068333333333 0.727384957162821 0.000383695986206651 1.00000000
15130005 130.089490740741 0.710331995999518 0.000379183193431619 1.00000000
15130006 130.111296296296 0.735210514597251 0.000702007595273307 1.00000000
15130007 130.118414351852 0.714828442006595 0.000377346188278894 1.00000000
15130008 130.139861111111 0.740935205487174 0.000370847830791661 1.00000000
15130009 130.161631944444 0.741932997965585 0.000373800787862229 1.00000000
15130011 130.184050925926 0.721418863525488 0.000465632182926245 1.00000000
15130037 130.639710648148 0.695487712727313 0.000388847862782009 1.00000000
15130038 130.667534722222 0.709707388785125 0.000362955622889695 1.00000000
15130040 130.695949074074 0.723427879409334 0.000352354548392817 1.00000000
15130041 130.723611111111 0.70653547006537 0.000327568956196396 1.00000000
15130042 130.754178240741 0.69457730228197 0.000343454379281288 1.00000000
15130043 130.782766203704 0.701705002630864 0.000367442633188105 1.00000000
15130044 130.805833333333 0.686983493726742 0.000488817325170981 1.00000000
15130045 130.819814814815 0.721805248043022 0.00031350779029929 1.00000000
15130046 130.849074074074 0.730409623256207 0.000317919662316229 1.00000000
15130047 130.878287037037 0.740043430643747 0.000295571296716585 1.00000000
15130048 130.912280092593 0.702047234497876 0.000707019633639813 1.00000000
15131004 131.08400462963 0.706520371048073 0.000434169605025495 1.00000000
15131005 131.104467592593 0.729028333030711 0.000423827820551223 1.00000000
15131006 131.12494212963 0.694910802640763 0.000418844771460161 1.00000000
15131007 131.146053240741 0.741772405091014 0.000402981183761017 1.00000000
15131008 131.167025462963 0.720201025473984 0.000405162210516574 1.00000000
15131009 131.188136574074 0.7040417585634 0.000412483632375561 1.00000000
15131010 131.208738425926 0.719540192200193 0.000407923215040381 1.00000000
15131011 131.228946759259 0.700624842822676 0.000437903336755042 1.00000000
15131012 131.247372685185 0.731600794832218 0.000392890684293041 1.00000000
15131013 131.268831018519 0.707088727189583 0.000331892448828537 1.00000000
15131014 131.301076388889 0.702603966486481 0.00055948834187883 1.00000000
15131040 131.672511574074 0.678129131812138 0.000364164713961839 1.00000000
15131041 131.702592592593 0.703269932168218 0.000374106719365349 1.00000000
15131042 131.728576388889 0.713377199465343 0.000339043294754204 1.00000000
15131043 131.758310185185 0.709187823081522 0.000648088245322403 1.00000000
15131044 131.766944444444 0.716178011424283 0.000520159485320204 1.00000000
15131045 131.780289351852 0.703078669863133 0.000327044824472155 1.00000000
15131046 131.810659722222 0.711820734718917 0.000327278765307247 1.00000000
15131047 131.839016203704 0.72760118605956 0.000423077033612897 1.00000000
15131048 131.855787037037 0.720555618155757 0.000500878968990624 1.00000000
15131049 131.868611111111 0.728458660743544 0.000581941767148844 1.00000000
15131050 131.8778125 0.722336552214263 0.000324781426081687 1.00000000
15131051 131.906296296296 0.717709893640847 0.000368676941662533 1.00000000
15131052 131.928969907407 0.591933233455374 0.000380763635806281 1.00000000
15131053 131.957615740741 0.566302039936389 0.00087755376696636 1.00000000
15132007 132.113032407407 0.738042873665792 0.000398172497635308 1.00000000
15132008 132.135289351852 0.684150803905718 0.000415528110589948 1.00000000
15132009 132.157083333333 0.737728803985203 0.000401968504440108 1.00000000
15132010 132.178900462963 0.719589286338585 0.000394047376282827 1.00000000
15132011 132.200891203704 0.749041645643765 0.000394636104508206 1.00000000
15132012 132.222199074074 0.745678264455833 0.000391665981711442 1.00000000
15132014 132.24494212963 0.702067893483563 0.000386304460037401 1.00000000
15132015 132.267060185185 0.723904636016009 0.000299428219287189 1.00000000
15132016 132.301238425926 0.67283733906593 0.000958693886188376 1.00000000
15132017 132.305787037037 0.696771807693381 0.000328061836506844 1.00000000
15132018 132.33462962963 0.707215140682966 0.000383168458981478 1.00000000
15132019 132.35619212963 0.740021402419579 0.000302300345710287 1.00000000
15132026 132.663831018518 0.715222294661852 0.000524563627284759 1.00000000
15132028 132.677025462963 0.699951978838275 0.000354743160728527 1.00000000
15132029 132.705960648148 0.687516925137272 0.000358402649999378 1.00000000
15132030 132.734525462963 0.720585147723291 0.000338274438760688 1.00000000
15132031 132.763321759259 0.719246243580397 0.000326705232630028 1.00000000
15132032 132.791979166667 0.690138830109556 0.000331760118386915 1.00000000
15132033 132.820509259259 0.729993338313766 0.000371552068389527 1.00000000
15132034 132.843865740741 0.737632433507479 0.000370640215699511 1.00000000
15132035 132.865474537037 0.722970702488393 0.000322802940193257 1.00000000
15132036 132.893958333333 0.722038215448673 0.000344433918857935 1.00000000
15132037 132.919039351852 0.72198097700431 0.000317248657238707 1.00000000
15132038 132.949189814815 0.743350711178193 0.000517622971283209 1.00000000
15133008 133.160219907407 0.72553745762233 0.000394726727511731 1.00000000
15133009 133.181956018519 0.699367697481579 0.00039019498712897 1.00000000
15133010 133.204108796296 0.716409323680072 0.000393740128776108 1.00000000
15133011 133.225428240741 0.726453373239833 0.000380896699541223 1.00000000
15133012 133.247164351852 0.744408129943367 0.000358157190734297 1.00000000
15133013 133.271203703704 0.713130884237301 0.000744720352531319 1.00000000
15133014 133.280092592593 0.709193146958302 0.00102227730821021 1.00000000
15133018 133.353194444444 0.712961500526341 0.000373727460683082 1.00000000
15133019 133.374456018519 0.714101696854997 0.000368296918522783 1.00000000
15133020 133.396724537037 0.74319792598872 0.000465905817736772 1.00000000
15133021 133.410115740741 0.729587193858096 0.000302969210531265 1.00000000
15133036 133.629884259259 0.71943730815456 0.000349893312981329 1.00000000
15133037 133.658032407407 0.712694976539908 0.00037757153209632 1.00000000
15133038 133.682025462963 0.708531585953178 0.000414312722089118 1.00000000
15133039 133.701273148148 0.687017863408153 0.000330250384610834 1.00000000
15133040 133.733541666667 0.715488132441476 0.0003115759557964 1.00000000
15133041 133.765659722222 0.720804627777177 0.000415404729300762 1.00000000
15133042 133.783912037037 0.718067475796425 0.000519463810612463 1.00000000
15133043 133.796076388889 0.732188077286754 0.00143991182276802 1.00000000
15133044 133.799189814815 0.719195587886703 0.000628382301457146 1.00000000
15133045 133.807418981481 0.731276217512764 0.000368226886770384 1.00000000
15133056 133.998599537037 0.721077216873147 0.000370444509206527 1.00000000
15134001 134.023275462963 0.735625947796293 0.000388800200102624 1.00000000
15134002 134.04505787037 0.725733746313096 0.000379356753445284 1.00000000
15134003 134.06712962963 0.699178392997893 0.00038680032908449 1.00000000
15134004 134.088587962963 0.727475093723847 0.000368296096143431 1.00000000
15134005 134.110428240741 0.705474375649227 0.000484902775705255 1.00000000
15134006 134.143101851852 0.727922165516155 0.00037375640373789 1.00000000
15134007 134.164780092593 0.739147105530019 0.000362262122911973 1.00000000
15134008 134.186631944444 0.720400615353221 0.000381622469101092 1.00000000
15134009 134.207349537037 0.738762471795586 0.000361477530684219 1.00000000
15134010 134.229074074074 0.72710799194429 0.000530429611322596 1.00000000
15134057 134.832627314815 0.711289662400617 0.000390376375675054 1.00000000
15134058 134.854525462963 0.717828811626129 0.000544453811249467 1.00000000
15134059 134.865891203704 0.700928926119143 0.00108925541965875 1.00000000
15134060 134.8703125 0.718419461303474 0.000631483390123353 1.00000000
15134062 134.880104166667 0.713032939210411 0.000445982999234818 1.00000000
15134063 134.895787037037 0.712318783153249 0.000437408943377796 1.00000000
15135010 135.222766203704 0.725641205735628 0.000380353919274546 1.00000000
15135011 135.24525462963 0.710922079389766 0.000374344748615082 1.00000000
15135012 135.269074074074 0.702825732503074 0.000375190646501866 1.00000000
15135013 135.292511574074 0.722472424165105 0.000336170339262564 1.00000000
15135014 135.320960648148 0.705421005582894 0.000336200444496969 1.00000000
15135015 135.349375 0.698349812726693 0.000457888173732079 1.00000000
15135016 135.36443287037 0.72635226383102 0.000671837627429575 1.00000000
15136003 136.068229166667 0.687478223801008 0.000386164132304033 1.00000000
15136004 136.0921875 0.716522226136415 0.000394420733557863 1.00000000
15136005 136.114074074074 0.73858708927711 0.000381584624114213 1.00000000
15136006 136.136585648148 0.720647588430922 0.000431140643932299 1.00000000
15136007 136.154583333333 0.71593332370835 0.000427415392547204 1.00000000
15136008 136.172766203704 0.693501741156675 0.000446875076731153 1.00000000
15136009 136.190902777778 0.702726350981847 0.000420040993168596 1.00000000
15136010 136.20943287037 0.735030848966771 0.000458413941002962 1.00000000
15136011 136.227175925926 0.731114234102063 0.000396277071412642 1.00000000
15136012 136.246886574074 0.738092047647806 0.000383958360673045 1.00000000
15136013 136.267118055556 0.741869548385384 0.000363030706713285 1.00000000
15136014 136.289282407407 0.738138381806703 0.000396046786077969 1.00000000
15136015 136.308773148148 0.727825389171684 0.000378880180425843 1.00000000
15136016 136.330636574074 0.743100669054394 0.00034306019909473 1.00000000
15136017 136.356423611111 0.727986625064785 0.000442374884740993 1.00000000
15136038 136.852962962963 0.678080070309734 0.000529656155502951 1.00000000
15136039 136.867939814815 0.72345022213926 0.000409022769269918 1.00000000
15136040 136.889861111111 0.737450860621148 0.00039532113782736 1.00000000
15136041 136.912337962963 0.723588646749135 0.00033736854871437 1.00000000
15136042 136.94212962963 0.681576047814061 0.000450829640965674 1.00000000
15137011 137.240277777778 0.582249735035143 0.000413865142099672 1.00000000
15137012 137.264131944444 0.645917806853563 0.000412166184202865 1.00000000
15137013 137.287337962963 0.595429292016533 0.000415490361839917 1.00000000
15137014 137.310532407407 0.648499778277356 0.000377155471061131 1.00000000
15137015 137.335613425926 0.656171297599678 0.000555353645527162 1.00000000
15137032 137.568229166667 0.732649790891191 0.000364409480064531 1.00000000
15137033 137.593472222222 0.69821390146049 0.000386497172402563 1.00000000
15137034 137.6165625 0.710244983599888 0.00035701303350851 1.00000000
15137035 137.642465277778 0.688342957441172 0.000336845307438158 1.00000000
15137036 137.67224537037 0.715625336656246 0.000320348199656107 1.00000000
15137037 137.702719907407 0.690714213095686 0.000391978989804666 1.00000000
15137038 137.724456018519 0.73790536409687 0.000369172162224604 1.00000000
15137039 137.746111111111 0.744602050506081 0.000522896483327843 1.00000000
15138062 138.710127314815 0.722439072231283 0.000393425536898691 1.00000000
15138063 138.733148148148 0.709546089158542 0.000467063948798684 1.00000000
15138064 138.75005787037 0.747771340091619 0.000343553651655765 1.00000000
15138065 138.779930555556 0.70608063089295 0.000335644401195892 1.00000000
15138066 138.809525462963 0.719310855013234 0.000398994710145675 1.00000000
15138067 138.831018518519 0.735014106825004 0.000420506300084197 1.00000000
15138068 138.84912037037 0.73878347104899 0.00041597879711599 1.00000000
15138069 138.866215277778 0.743634481971569 0.00085595683641263 1.00000000
15138070 138.871365740741 0.691673677651542 0.000403669092090041 1.00000000
15138071 138.892893518519 0.741795884723157 0.000448667659844627 1.00000000
15138072 138.908275462963 0.709133219561708 0.000392200607542374 1.00000000
15138074 138.958009259259 0.719595037244179 0.000515000673846035 1.00000000
15138075 138.970185185185 0.720558228763843 0.00032910518054721 1.00000000
15139016 139.386481481481 0.716139356085256 0.000441216203131127 1.00000000
15139017 139.405601851852 0.69474090468136 0.000373638303052134 1.00000000
15139018 139.432604166667 0.665606805234199 0.000364094257221777 1.00000000
15139020 139.462361111111 0.688910564490767 0.000348334635711177 1.00000000
15139021 139.490763888889 0.703164581685904 0.00034419593581209 1.00000000
15139022 139.521516203704 0.729950557496417 0.000289736301672897 1.00000000
15139023 139.560196759259 0.73420808932387 0.000373392197637882 1.00000000
15139024 139.583252314815 0.735874277099216 0.000325555022177597 1.00000000
15139025 139.611944444444 0.739726572358352 0.000308782687253557 1.00000000
15139026 139.643171296296 0.749242045423575 0.000305002535400421 1.00000000
15139044 139.841076388889 0.660123664440672 0.000435289051590197 1.00000000
15139045 139.8625 0.726731969991297 0.000412312003466129 1.00000000
15139046 139.882916666667 0.724365210247933 0.000332531613664386 1.00000000
15139047 139.912604166667 0.717666621361581 0.000338363056432298 1.00000000
15139050 139.944375 0.717857290844777 0.000326703247682576 1.00000000
15139051 139.973877314815 0.706847514609035 0.000394312246507598 1.00000000
15139052 139.995601851852 0.65021557661903 0.000405236300905455 1.00000000
15140002 140.017662037037 0.707764235647396 0.000370250963921927 1.00000000
15140003 140.039722222222 0.714193224131479 0.000481239032738526 1.00000000
15140004 140.05443287037 0.720275993456914 0.00037037425426213 1.00000000
15140005 140.077199074074 0.724589308766047 0.000366184317993242 1.00000000
15140006 140.100196759259 0.736821268334792 0.000368711895497595 1.00000000
15140007 140.122118055556 0.730802455671662 0.0004047986967645 1.00000000
15140018 140.316180555556 0.705442066654758 0.000419682864676272 1.00000000
15140019 140.341527777778 0.710636492834829 0.000676164023482489 1.00000000
15140020 140.353611111111 0.692207696910594 0.000401953814784936 1.00000000
15140021 140.377488425926 0.721771212422039 0.00037979139135057 1.00000000
15140022 140.401273148148 0.683718599055576 0.000383303320678943 1.00000000
15140023 140.423958333333 0.669769787298405 0.000410814393696032 1.00000000
15140025 140.44650462963 0.732795683385835 0.00112036592055132 1.00000000
15140027 140.475717592593 0.692511949017525 0.00153289252271496 1.00000000
15140028 140.477928240741 0.708355208988647 0.000449897626258658 1.00000000
15140029 140.495335648148 0.685439166459348 0.000389005397693154 1.00000000
15140030 140.517337962963 0.726955448452015 0.000322444012624421 1.00000000
15140031 140.547430555556 0.746245409405451 0.000376113260617399 1.00000000
15140032 140.569236111111 0.695331767011389 0.000396001552544276 1.00000000
15140034 140.606539351852 0.724851844002179 0.00038786893183888 1.00000000
15140035 140.629398148148 0.685497397466354 0.000634265431129276 1.00000000
15140036 140.640289351852 0.717193325238857 0.000453916000102568 1.00000000
15140037 140.657175925926 0.706639147921759 0.000373566145445608 1.00000000
15140050 140.873981481481 0.748286140387218 0.000724243813008831 1.00000000
15140051 140.881909722222 0.641206830019763 0.000411199909940205 1.00000000
15140052 140.912766203704 0.69013000196071 0.000429337023566352 1.00000000
15140053 140.942280092593 0.687947670232837 0.000450944270727552 1.00000000
15140054 140.970428240741 0.679878265730709 0.000744511880132501 1.00000000
15140055 140.9825 0.660349981955388 0.000530316652449644 1.00000000
15141001 141.007453703704 0.723216155047128 0.00043507301671384 1.00000000
15141002 141.031111111111 0.725495887808571 0.000394733149688028 1.00000000
15141003 141.052592592593 0.701973525106224 0.000445207357958323 1.00000000
15141004 141.074803240741 0.708160361627333 0.000442194665667816 1.00000000
15141006 141.098819444444 0.707652640499996 0.000431188235540862 1.00000000
15141007 141.120648148148 0.711395247943957 0.000476407361452293 1.00000000
15141009 141.144756944444 0.724018919384155 0.000380966862679777 1.00000000
15141010 141.166666666667 0.723227240279323 0.00038485612515385 1.00000000
15141011 141.188460648148 0.664183247350228 0.000441071009203835 1.00000000
15141012 141.2525 0.751800693781271 0.000888693278036461 1.00000000
15141013 141.257534722222 0.74452007128323 0.000467289460038554 1.00000000
15142008 142.117175925926 0.679456646509828 0.000431124674417537 1.00000000
15142011 142.141145833333 0.685113010735163 0.000426619072864003 1.00000000
15142012 142.162847222222 0.705898211002105 0.000411453124406339 1.00000000
15142013 142.184050925926 0.658305529372954 0.000414495559104394 1.00000000
15142014 142.206030092593 0.675645048049683 0.000409069239179481 1.00000000
15142015 142.227719907407 0.710475978967173 0.000391995016159825 1.00000000
15142018 142.252337962963 0.714949700405098 0.000367375621225164 1.00000000
15142021 142.325868055556 0.722783621868235 0.000379455979164389 1.00000000
15142022 142.347858796296 0.712174002745181 0.000474295148109961 1.00000000
15142025 142.366539351852 0.679728690645005 0.000992313471050476 1.00000000
15143032 143.543206018519 0.705319828314491 0.000412071658574962 1.00000000
15143033 143.565393518519 0.68516583406709 0.000419356988231597 1.00000000
15143034 143.587256944444 0.704743301073486 0.000399338681743213 1.00000000
15143035 143.610393518519 0.720018632857479 0.000390626562295583 1.00000000
15143036 143.6321875 0.720500455087918 0.000526058281590322 1.00000000
15143037 143.644398148148 0.661364059561565 0.000399456567003466 1.00000000
15143038 143.666550925926 0.726831718139782 0.000475928431946063 1.00000000
15143039 143.6821875 0.69281117251393 0.000385983701261129 1.00000000
15143040 143.707013888889 0.709519325814869 0.000333072946849143 1.00000000
15143041 143.738912037037 0.736972543706427 0.000332707576274629 1.00000000
15144004 144.057685185185 0.691950070778778 0.00182116306082229 1.00000000
15144005 144.059722222222 0.707740278904092 0.00041141472602818 1.00000000
15144006 144.082662037037 0.703274763343801 0.000408197082520866 1.00000000
15144007 144.104513888889 0.721221982094016 0.000401705158164987 1.00000000
15144008 144.126666666667 0.679936574870473 0.000414441670485821 1.00000000
15144009 144.148715277778 0.737196928589938 0.000384310720352688 1.00000000
15144010 144.170509259259 0.691380673964624 0.00039713536461927 1.00000000
15144011 144.192314814815 0.72582602509082 0.000386204243648453 1.00000000
15144012 144.214444444444 0.691233542125576 0.000394531425320819 1.00000000
15144013 144.236423611111 0.715297487069656 0.000377351354771122 1.00000000
15144014 144.258263888889 0.728899391317837 0.00038079440464908 1.00000000
15144015 144.280162037037 0.712422237153397 0.000386687039786301 1.00000000
15144017 144.303321759259 0.719524314439351 0.00046510059989969 1.00000000
15144018 144.318368055556 0.72874037335898 0.000663835283591927 1.00000000
15144039 144.511678240741 0.726859107465672 0.000421244637943656 1.00000000
15144040 144.532314814815 0.722740243980517 0.00048021950964951 1.00000000
15144043 144.550902777778 0.721841091040678 0.000448785432424604 1.00000000
15144044 144.569918981481 0.714069204951534 0.000430095143676151 1.00000000
15144046 144.5921875 0.690108892058097 0.000441464193555177 1.00000000
15144047 144.612962962963 0.706438893799995 0.000395016276088811 1.00000000
15144049 144.636284722222 0.731661624271796 0.000343509879391065 1.00000000
15144052 144.6659375 0.690878435088891 0.000352119702302459 1.00000000
15144054 144.694386574074 0.719429088416721 0.000319689409886182 1.00000000
15144055 144.724583333333 0.731220302291134 0.000344763591255837 1.00000000
15144056 144.750891203704 0.745539430156383 0.000555101013449058 1.00000000
15144058 144.762361111111 0.728851573469664 0.000405574892572442 1.00000000
15144060 144.782314814815 0.766520456969524 0.000469775312417046 1.00000000
15144070 144.9646875 0.711772757534976 0.000432023209633748 1.00000000
15145009 145.16443287037 0.68195960695326 0.000409786857709148 1.00000000
15145010 145.186585648148 0.699513726272222 0.00045328948944619 1.00000000
15145012 145.209675925926 0.663442981783188 0.00051664338156733 1.00000000
15145013 145.225949074074 0.672105345282071 0.000421355775987478 1.00000000
15145014 145.248043981481 0.705149129765791 0.000451431615062699 1.00000000
15145015 145.267569444444 0.698931922029623 0.00100120886665612 1.00000000
15145016 145.275555555556 0.6908108753549 0.000645218617580739 1.00000000
15145017 145.285775462963 0.720230149805335 0.000397296219783139 1.00000000
15145018 145.310069444444 0.679645308012756 0.000397734684972866 1.00000000
15145019 145.332210648148 0.721312536409557 0.000385128553380872 1.00000000
15145020 145.354756944444 0.716330572362074 0.000384903267059359 1.00000000
15145021 145.376921296296 0.650451885189183 0.00404856004310313 1.00000000
15145022 145.378310185185 0.718793061375597 0.000379691526986359 1.00000000
15145023 145.40068287037 0.658544150928993 0.000394708650111329 1.00000000
15145024 145.422858796296 0.729676520849182 0.000377187641576298 1.00000000
15145037 145.607800925926 0.702583568237537 0.00038892994893589 1.00000000
15145038 145.634398148148 0.710087358870873 0.000483462855904679 1.00000000
15145039 145.650717592593 0.717564365627711 0.000650229943423792 1.00000000
15146001 146.008958333333 0.69012767626614 0.000418857106365064 1.00000000
15146002 146.03099537037 0.643863081436555 0.000430644703793176 1.00000000
15146003 146.053009259259 0.626711815827067 0.00223623576856321 1.00000000
15146004 146.054837962963 0.69402260107532 0.000630186295741372 1.00000000
15146006 146.069201388889 0.730286157464353 0.000393169122204002 1.00000000
15146008 146.092523148148 0.700293592298306 0.000396827336015335 1.00000000
15146009 146.114641203704 0.711541922149873 0.000388030565967534 1.00000000
15146010 146.136782407407 0.71222714657222 0.000807425228404928 1.00000000
15146013 146.148356481481 0.693700565365045 0.000392482144858949 1.00000000
15146017 146.187766203704 0.71651664548327 0.000378387240694099 1.00000000
15146020 146.217199074074 0.725106217558763 0.000377539543641103 1.00000000
15146023 146.244560185185 0.708606897092224 0.000388228677341016 1.00000000
15146025 146.269085648148 0.749366932359236 0.000348926229588482 1.00000000
15146026 146.295555555556 0.766360526914978 0.00107498870775904 1.00000000
15146049 146.573090277778 0.679430074989579 0.00049236714004187 1.00000000
15146050 146.590243055556 0.709567739145152 0.000419312707340484 1.00000000
15146051 146.610474537037 0.728082119728502 0.000400439745469608 1.00000000
15146052 146.632766203704 0.733321927746446 0.000358601630117069 1.00000000
15146054 146.659293981481 0.713227366967293 0.000672449410715789 1.00000000
15146055 146.6675 0.730374445006095 0.000309240791993902 1.00000000
15146056 146.69943287037 0.697499741671415 0.00142835178604079 1.00000000
15146057 146.702013888889 0.709361141456924 0.000320962372824747 1.00000000
15146058 146.733090277778 0.720765740316281 0.000458300109543001 1.00000000
15146059 146.749756944444 0.702035365912489 0.000321593217232292 1.00000000
15146060 146.78056712963 0.713995605446474 0.000305871594837498 1.00000000
15146061 146.813865740741 0.729393959385688 0.000353834539939764 1.00000000
15146062 146.83818287037 0.7710114657789 0.00196989880435779 1.00000000
15147001 147.008865740741 0.698440685763367 0.000402617316255342 1.00000000
15147002 147.031365740741 0.702092922812208 0.000357079900856087 1.00000000
15147003 147.059652777778 0.724930748402629 0.000325353558503312 1.00000000
15147004 147.092488425926 0.727309973163327 0.000562788296820884 1.00000000
15147005 147.104375 0.643494107692527 0.000602736406961071 1.00000000
15147006 147.11625 0.703262215858054 0.000331575307434169 1.00000000
15147007 147.148784722222 0.713106733951949 0.000344204015675578 1.00000000
15147008 147.176006944444 0.722797004421957 0.000305240158118076 1.00000000
15147009 147.209363425926 0.758706355978522 0.000356978571209792 1.00000000
15147010 147.233333333333 0.717280191458875 0.000406165211391876 1.00000000
15147011 147.252858796296 0.710701847604367 0.000380274086645324 1.00000000
15147012 147.275532407407 0.74714895491834 0.000367223157403038 1.00000000
15147013 147.2984375 0.732088628584603 0.000365312152607403 1.00000000
15147014 147.322905092593 0.716983089110711 0.000474386172281465 1.00000000
15147015 147.338981481481 0.6830425778578 0.000356844873617323 1.00000000
15147027 147.540462962963 0.670316602610957 0.000415539237893716 1.00000000
15147028 147.563599537037 0.742370714231004 0.000393210096180695 1.00000000
15147029 147.58568287037 0.702460255839354 0.000389005825152909 1.00000000
15147030 147.609780092593 0.703668931841166 0.000376555377541 1.00000000
15147031 147.634525462963 0.715958627085916 0.000365869378113884 1.00000000
15147032 147.660034722222 0.718713198765898 0.000342874517656859 1.00000000
15147033 147.686238425926 0.654941393058927 0.000687533216289698 1.00000000
15147041 147.905011574074 0.692786952043938 0.000429698081761385 1.00000000
15147042 147.926747685185 0.705520646320833 0.00109534352805158 1.00000000
15148003 148.064861111111 0.674668601032081 0.000397948705565508 1.00000000
15148004 148.087476851852 0.69435131336572 0.000375702520330231 1.00000000
15148005 148.114456018519 0.658798502682383 0.000436817626322132 1.00000000
15148006 148.137013888889 0.690333193851333 0.000407261543313329 1.00000000
15148007 148.160972222222 0.68133729914757 0.00041860576194224 1.00000000
15148008 148.183229166667 0.696091910071392 0.000419739042624015 1.00000000
15148009 148.205659722222 0.717436535184516 0.000912934128942673 1.00000000
15148010 148.211342592593 0.674656128573714 0.000442761061594266 1.00000000
15148011 148.231099537037 0.700441419299543 0.000527689177895248 1.00000000
15149012 149.326099537037 0.693218767492252 0.000377268193106455 1.00000000
15149013 149.351099537037 0.641171333677268 0.000385449209692504 1.00000000
15149014 149.376585648148 0.690230934401182 0.000578443389531764 1.00000000
15149015 149.393564814815 0.681033422575501 0.00056406989767446 1.00000000
15149016 149.406342592593 0.728732766612468 0.000382531475722 1.00000000
15149017 149.429733796296 0.702651622697053 0.000455819844215763 1.00000000
15149069 149.90681712963 0.701373552469327 0.00117611034313798 1.00000000
15149070 149.910416666667 0.699217745741295 0.000567527575148563 1.00000000
15149071 149.923668981481 0.693970606706698 0.000431163544965219 1.00000000
15149072 149.945393518519 0.683340911499768 0.000845519988422552 1.00000000
15149074 149.953958333333 0.689987674551938 0.000579863084277241 1.00000000
15149075 149.965173611111 0.686368841207754 0.000443532378827785 1.00000000
15149076 149.988032407407 0.685337890824267 0.000402562623235003 1.00000000
15150001 150.012476851852 0.694650726640779 0.000365737272564625 1.00000000
15150002 150.039641203704 0.674004281053855 0.000412545996719421 1.00000000
15150004 150.063206018519 0.723739491378326 0.000390772922581527 1.00000000
15150005 150.085 0.725145691002032 0.00145322495780056 1.00000000
15150014 150.361354166667 0.657480751766055 0.000386599330793257 1.00000000
15150015 150.388402777778 0.660433144539839 0.000526976426856548 1.00000000
15150027 150.435462962963 0.727332512513119 0.000442417213784558 1.00000000
15150030 150.459201388889 0.740464961048881 0.000583087666811779 1.00000000
15150031 150.46912037037 0.245001817520901 0.0047337982413834 1.00000000
15150048 150.499664351852 0.717120553849141 0.000383833715498017 1.00000000
15150049 150.523391203704 0.705440681337307 0.000728884644620407 1.00000000
15150054 150.540497685185 0.673978414001031 0.000388834512619258 1.00000000
15150055 150.563668981481 0.715785604791846 0.000608212807068116 1.00000000
15150056 150.572986111111 0.719784087679219 0.00100112241431099 1.00000000
15150058 150.585150462963 0.748194064046867 0.000374332075730508 1.00000000
15150059 150.607060185185 0.681691689734868 0.000392879837797993 1.00000000
15150060 150.629189814815 0.71690998016383 0.00038669065973352 1.00000000
15150061 150.651805555556 0.707895469457732 0.000394680037345493 1.00000000
15150062 150.674259259259 0.704817236304196 0.000626677127385983 1.00000000
15150063 150.683171296296 0.653710314766232 0.000782911147794765 1.00000000
15150064 150.690648148148 0.727089873764299 0.000504893195596208 1.00000000
15151004 151.039594907407 0.709144779214607 0.000617806339408673 1.00000000
15151005 151.05 0.668273043384968 0.000858290556653517 1.00000000
15151006 151.056226851852 0.715940294635331 0.000409698884010193 1.00000000
15151007 151.079108796296 0.71514776173827 0.000411929056727237 1.00000000
15151008 151.100833333333 0.708936526835381 0.000572607582768923 1.00000000
15151009 151.112743055556 0.711831241406703 0.000564399923021491 1.00000000
15151010 151.124814814815 0.698289626241411 0.00040812636210457 1.00000000
15151011 151.146400462963 0.706146540945624 0.000412644524198839 1.00000000
15151012 151.168078703704 0.699511034578265 0.000406595277321025 1.00000000
15151013 151.190891203704 0.639127694671476 0.000392548357144561 1.00000000
15151014 151.214930555556 0.691425154674831 0.000398674799362308 1.00000000
15151015 151.236701388889 0.70830948855914 0.000395901080776146 1.00000000
15151017 151.260671296296 0.730451050344384 0.000372120687471906 1.00000000
15151018 151.282303240741 0.662747430667858 0.000403252495492961 1.00000000
15151019 151.304328703704 0.730095202980067 0.000363056019458432 1.00000000
15151020 151.327708333333 0.729531677424365 0.000371130878200496 1.00000000
15151021 151.35025462963 0.672930521849613 0.000557277776119342 1.00000000
15151022 151.362025462963 0.688992884461504 0.000490518328378725 1.00000000
15151023 151.376493055556 0.745173898171281 0.000358889802078578 1.00000000
15151024 151.400104166667 0.730538421663847 0.000562502362036336 1.00000000
15151038 151.557592592593 0.664500498544772 0.000434335098023635 1.00000000
15151039 151.579363425926 0.694623218112508 0.000419296313254083 1.00000000
15151040 151.600659722222 0.699977269861082 0.000410396601738891 1.00000000
15151041 151.622002314815 0.679241546093976 0.000404517160000594 1.00000000
15151042 151.642407407407 0.6321841432532 0.00109581811843571 1.00000000
15151044 151.668761574074 0.732774009653954 0.000398125291838129 1.00000000
15151045 151.690486111111 0.711725192872051 0.000396101731547941 1.00000000
15151046 151.712210648148 0.688292452348561 0.000435888158463796 1.00000000
15151047 151.730740740741 0.703375030261197 0.0005329587689543 1.00000000
15151048 151.745636574074 0.718492296135663 0.000384236055874651 1.00000000
15151049 151.767106481481 0.7128255559627 0.000409747824961758 1.00000000
15151050 151.787233796296 0.695474119607016 0.000963117637017101 1.00000000
15151051 151.791261574074 0.696751524395784 0.00101386607649283 1.00000000
15151052 151.795960648148 0.718220474656126 0.00038430634251304 1.00000000
15151053 151.817569444444 0.720532565458649 0.000387761898434901 1.00000000
15151054 151.839131944444 0.722029321192499 0.000388916018191592 1.00000000
15151055 151.860625 0.748166017109208 0.000408774411630787 1.00000000
15151056 151.881168981481 0.734146253906879 0.000368442431303056 1.00000000
15152003 152.061944444444 0.686699353063779 0.000752423405729867 1.00000000
15152004 152.069699074074 0.731799086334391 0.00165178749352355 1.00000000
15152005 152.073912037037 0.689639611126911 0.000345183680759666 1.00000000
15152006 152.107581018519 0.71247605591859 0.000405244478787028 1.00000000
15152007 152.129340277778 0.671666203736668 0.000422730884584074 1.00000000
15152008 152.150983796296 0.676639583887933 0.00041658560312648 1.00000000
15152009 152.172581018519 0.6680095852171 0.000417457070994781 1.00000000
15152010 152.194027777778 0.718677959119891 0.000385610467915912 1.00000000
15152011 152.215648148148 0.690456599613716 0.000413189403697724 1.00000000
15152012 152.235925925926 0.723076568016522 0.000390451763760649 1.00000000
15152013 152.257673611111 0.724987895079481 0.000379759240496319 1.00000000
15152014 152.279305555556 0.703832620442793 0.000387148903200209 1.00000000
15152015 152.301689814815 0.724055532617791 0.000384075041149835 1.00000000
15152016 152.322974537037 0.683504785319598 0.000397122742256748 1.00000000
15152017 152.344502314815 0.724475071881996 0.00038949610721423 1.00000000
15152018 152.366134259259 0.734962405669565 0.000459523517631322 1.00000000
15152020 152.384826388889 0.730203815256853 0.000468304664672876 1.00000000
15152038 152.560949074074 0.7120093013292 0.000422281726213038 1.00000000
15152039 152.582291666667 0.690057677786526 0.000423471486690595 1.00000000
15152040 152.60525462963 0.706121025707188 0.000520809695527295 1.00000000
15152041 152.6209375 0.707253262124925 0.000409464733097869 1.00000000
15152042 152.643680555556 0.660556386648341 0.0004323792799017 1.00000000
15152043 152.665324074074 0.714390157202955 0.000394200171203646 1.00000000
15152044 152.688993055556 0.665220825798717 0.000418354043552308 1.00000000
15152045 152.710613425926 0.682748643761302 0.00395787583966798 1.00000000
15152046 152.71181712963 0.668825114156969 0.00039360315842356 1.00000000
15152047 152.735104166667 0.718015348769909 0.000401887803441855 1.00000000
15152048 152.756006944444 0.681267234486289 0.000399471397696512 1.00000000
15152049 152.777546296296 0.717725060150011 0.000379722505020486 1.00000000
15152050 152.799236111111 0.722171233466472 0.000374242548605786 1.00000000
15152051 152.821145833333 0.741701145015176 0.000591476781536019 1.00000000
15152052 152.830381944444 0.72171270379251 0.000369954754819299 1.00000000
15152053 152.852847222222 0.730051897349435 0.000385660851845115 1.00000000
15152054 152.873391203704 0.741457324652888 0.000325330583744641 1.00000000
15153003 153.045578703704 0.685641675718105 0.000429135367165101 1.00000000
15153004 153.067303240741 0.742692826673708 0.000401958322320152 1.00000000
15153005 153.089224537037 0.796345933100107 0.00103786997668284 1.00000000
15153006 153.094016203704 0.717124354931117 0.000417338607254546 1.00000000
15153007 153.115243055556 0.706326478719994 0.000407378843321392 1.00000000
15153008 153.13712962963 0.718548739335029 0.000402319926363066 1.00000000
15153009 153.158935185185 0.673622977524884 0.000406583872422069 1.00000000
15153010 153.181157407407 0.698649863448549 0.000394331328757927 1.00000000
15153011 153.202916666667 0.667921068448582 0.00041708566023253 1.00000000
15153012 153.22474537037 0.690750630436119 0.000389898951705536 1.00000000
15153013 153.246006944444 0.734135929250852 0.000373003685978975 1.00000000
15153014 153.268483796296 0.707481856921515 0.000384936759430212 1.00000000
15153015 153.29025462963 0.73176113184771 0.00036220396391981 1.00000000
15153017 153.315185185185 0.675983924591278 0.000392018026255137 1.00000000
15153018 153.336712962963 0.750320171972957 0.000364358472461047 1.00000000
15153019 153.359074074074 0.723714663319227 0.00043141710777002 1.00000000
15153022 153.379699074074 0.732806637933936 0.000561572573269457 1.00000000
15153040 153.629259259259 0.731438462319805 0.000564865016557573 1.00000000
15153041 153.64244212963 0.659966278048394 0.000426680680538352 1.00000000
15153042 153.664236111111 0.719570256066014 0.000414302591480003 1.00000000
15153043 153.685983796296 0.698712412375665 0.000412928293937619 1.00000000
15153044 153.712395833333 0.682891393676418 0.000413616988811421 1.00000000
15153045 153.73431712963 0.676865898916179 0.000410606518654213 1.00000000
15153046 153.756145833333 0.723128456276638 0.000390680010774493 1.00000000
15153047 153.777847222222 0.706874333745286 0.000395931474226794 1.00000000
15153048 153.799710648148 0.695448847202895 0.000385557007395413 1.00000000
15153049 153.821458333333 0.707909747757597 0.000377473808149235 1.00000000
15153050 153.844236111111 0.73316787569017 0.000864942438546041 1.00000000
15153052 153.853912037037 0.692554889246281 0.000400424738122997 1.00000000
15153053 153.875821759259 0.722294643413775 0.000380346124766593 1.00000000
15153054 153.897581018519 0.672268717609262 0.000401704861029338 1.00000000
15153055 153.919444444444 0.666266630922828 0.000412088156891337 1.00000000
15153056 153.940613425926 0.731097352264704 0.000385013258779255 1.00000000
15153057 153.962662037037 0.705463238049392 0.000393404614505006 1.00000000
15153058 153.984849537037 0.718034077162791 0.000320189223280624 1.00000000
15154001 154.018263888889 0.710906787441445 0.000370495333353968 1.00000000
15154002 154.044293981481 0.668824096068469 0.00048833435848267 1.00000000
15154003 154.061030092593 0.74149575371933 0.000466501336694799 1.00000000
15154012 154.231377314815 0.688831788960993 0.000353680240972223 1.00000000
15154013 154.263344907407 0.659594712116026 0.000892103692984262 1.00000000
15154014 154.270081018519 0.712965854061263 0.00070796744230554 1.00000000
15154015 154.280462962963 0.68301762817487 0.000383063312022148 1.00000000
15154016 154.308148148148 0.678740242040946 0.000350174332749114 1.00000000
15154017 154.340590277778 0.694534507369605 0.000335715761210601 1.00000000
15154018 154.373171296296 0.715574447278247 0.000332698902478583 1.00000000
15154019 154.402800925926 0.656275609879346 0.0013960280529738 1.00000000
15154021 154.494074074074 0.710694529062762 0.000418396602790299 1.00000000
15154022 154.513113425926 0.699746948388228 0.000390174392459048 1.00000000
15154023 154.535509259259 0.706600573574014 0.000407587539619937 1.00000000
15154024 154.555752314815 0.712613936798137 0.000504981069050125 1.00000000
15155010 155.230347222222 0.705691902149365 0.000502553893577079 1.00000000
15156007 156.131342592593 0.719381336836696 0.000524699371717913 1.00000000
15156015 156.235949074074 0.727307175784481 0.00034925504625036 1.00000000
15156016 156.264502314815 0.66492076270037 0.00033026883837204 1.00000000
15156017 156.296678240741 0.726803550596309 0.000294069438361595 1.00000000
15156019 156.333530092593 0.718351842310276 0.000384265941439358 1.00000000
15156020 156.355671296296 0.732891711077189 0.000382145386327054 1.00000000
15156021 156.377256944444 0.679260180229296 0.000410768416261468 1.00000000
15156022 156.398935185185 0.720763045803164 0.000399001577983714 1.00000000
15156023 156.420324074074 0.744833710272731 0.000531399482437276 1.00000000
15156024 156.434398148148 0.731137751444385 0.000555086828468685 1.00000000
15157010 157.192314814815 0.66380475979318 0.000575284953642013 1.00000000
15157011 157.209537037037 0.704692026455044 0.000324853289067953 1.00000000
15157012 157.247488425926 0.722226204639702 0.000404348726215052 1.00000000
15157013 157.271956018519 0.665852945824367 0.000380415041703524 1.00000000
15157014 157.300486111111 0.69769174241453 0.000338134590346163 1.00000000
15157015 157.33181712963 0.672975605805463 0.000355579308249532 1.00000000
15157016 157.361724537037 0.727004178408318 0.000345165609174063 1.00000000
15157017 157.389386574074 0.68164821071382 0.000931633760259577 1.00000000
15157020 157.425104166667 0.677780572754382 0.000873759989094959 1.00000000
15157022 157.432280092593 0.709050217431563 0.000755773744492455 1.00000000
15157023 157.437928240741 0.684780515701648 0.000369159278054381 1.00000000
15157024 157.460914351852 0.710292452232989 0.000362654067812779 1.00000000
15157025 157.483078703704 0.701287381576161 0.00037363641259854 1.00000000
15157028 157.510034722222 0.714315417975207 0.000367856897200029 1.00000000
15157029 157.531678240741 0.724042499641787 0.000426823170623723 1.00000000
15157048 157.708425925926 0.722816833687731 0.00112311635980824 1.00000000
15157049 157.712384259259 0.680916928927807 0.000386761786025957 1.00000000
15157050 157.737881944444 0.710810405136109 0.000411024351658946 1.00000000
15157051 157.759467592593 0.706103415039289 0.000405235126352461 1.00000000
15157052 157.780949074074 0.684057788837708 0.000398911413070111 1.00000000
15157053 157.804293981481 0.723775461988878 0.000385115874379476 1.00000000
15157054 157.827534722222 0.69641059485911 0.00039048757315983 1.00000000
15157055 157.8509375 0.722921188353333 0.000375461885523457 1.00000000
15157056 157.874340277778 0.72534662320682 0.000331250328574981 1.00000000
15157057 157.903321759259 0.753218641490391 0.000380611668260028 1.00000000
15157058 157.924872685185 0.722519782712542 0.000385124035993138 1.00000000
15157059 157.946574074074 0.682085450736808 0.00039492160493886 1.00000000
15157060 157.967743055556 0.737891128256675 0.000309270916445967 1.00000000
15157061 157.999212962963 0.686569828158175 0.000327090615975572 1.00000000
15158001 158.030844907407 0.684192513046578 0.000567296115841026 1.00000000
15158028 158.295462962963 0.714204833468222 0.000361943180047424 1.00000000
15158029 158.322395833333 0.710705281753332 0.000329315433809166 1.00000000
15158030 158.354710648148 0.665563606103076 0.000388103268945933 1.00000000
15158031 158.378981481481 0.677029340819458 0.00078092089228745 1.00000000
15158032 158.385671296296 0.664094110233297 0.000650995185331624 1.00000000
15158033 158.395462962963 0.681861996279472 0.000305131987767874 1.00000000
15158034 158.428356481481 0.693570151438252 0.000393273363531509 1.00000000
15158035 158.447210648148 0.713225467551724 0.000798755568243834 1.00000000
15158036 158.4525 0.706853065218087 0.000392436453101229 1.00000000
15158037 158.474606481481 0.692898040442728 0.000387279652542956 1.00000000
15158038 158.497986111111 0.703795193601896 0.000386742292597481 1.00000000
15158039 158.519699074074 0.710615742643677 0.000368715479998348 1.00000000
15158040 158.542592592593 0.724449830167255 0.000390803398193026 1.00000000
15158062 158.893668981481 0.694328445925244 0.000432585532291934 1.00000000
15158063 158.915034722222 0.68920683007526 0.000429996124708769 1.00000000
15158064 158.936400462963 0.695280536062391 0.000418966799645135 1.00000000
15158065 158.958715277778 0.716568054106016 0.000873733178796457 1.00000000
15158070 158.994166666667 0.719156476218771 0.000362522259736856 1.00000000
15159001 159.019201388889 0.737257666853183 0.000388606511532123 1.00000000
15159002 159.041365740741 0.741898214427437 0.000388551542363676 1.00000000
15159003 159.06318287037 0.694329335681843 0.000402773476045703 1.00000000
15159004 159.084363425926 0.710990839970516 0.000391793392993861 1.00000000
15159005 159.105775462963 0.719910936519715 0.000385789393198439 1.00000000
15159006 159.127037037037 0.701529763632277 0.000388695910973283 1.00000000
15159007 159.148287037037 0.730950916430065 0.00038021746613774 1.00000000
15159008 159.169965277778 0.723965480549401 0.000339648952427283 1.00000000
15159009 159.19724537037 0.739181565713823 0.000288257803975875 1.00000000
15159021 159.380925925926 0.71385842435333 0.000400991310666637 1.00000000
15159022 159.405335648148 0.695400591231753 0.000777446310484666 1.00000000
15159024 159.414479166667 0.712661634806503 0.000343666009074401 1.00000000
15159025 159.444351851852 0.677287809066952 0.000370666434018827 1.00000000
15159026 159.47125 0.712202299536085 0.000415917871710354 1.00000000
15159027 159.494780092593 0.728171125290244 0.000333725097477858 1.00000000
15159028 159.524328703704 0.722679804142087 0.000360934763094023 1.00000000
15159029 159.548888888889 0.737796037883024 0.00037210951171925 1.00000000
15159030 159.57068287037 0.735234765255053 0.000356365647926178 1.00000000
15159031 159.594363425926 0.739362923593088 0.000375776740450134 1.00000000
15159032 159.615798611111 0.719070694014471 0.000367013543683577 1.00000000
15159033 159.638738425926 0.711526344277062 0.000386785027311992 1.00000000
15159034 159.660381944444 0.726966303637658 0.00036502897659398 1.00000000
15159035 159.68380787037 0.749160252094502 0.00037153742843916 1.00000000
15159036 159.706296296296 0.747447590069344 0.000373325512998357 1.00000000
15159045 159.898460648148 0.639326612192193 0.000392526186771879 1.00000000
15159046 159.923240740741 0.69304529686709 0.000422352254927906 1.00000000
15159047 159.944328703704 0.652559625180904 0.000466405000944357 1.00000000
15159049 159.965960648148 0.682072612373488 0.000775658226164309 1.00000000
15159051 159.976400462963 0.683582435762766 0.00113161473348563 1.00000000
15159054 159.982523148148 0.67940055634354 0.000667298471968535 1.00000000
15159055 159.990891203704 0.665169404698683 0.000338421263470945 1.00000000
15160001 160.022939814815 0.706809405295073 0.000302079564810702 1.00000000
15160002 160.059351851852 0.72024078684 0.000365535458759997 1.00000000
15160003 160.084293981481 0.69203199489358 0.000332670761811831 1.00000000
15160004 160.116111111111 0.71350117684484 0.000315387821446609 1.00000000
15160005 160.148125 0.724243286700587 0.000487060043365909 1.00000000
15160006 160.163587962963 0.722339697979019 0.000377978500694106 1.00000000
15160007 160.186666666667 0.690147676806511 0.000364006103536103 1.00000000
15160033 160.59775462963 0.713100900674337 0.000358882814613513 1.00000000
15160034 160.629201388889 0.68990950888948 0.000401916710039702 1.00000000
15160035 160.654293981481 0.692979977796591 0.000437959450876494 1.00000000
15160036 160.675416666667 0.679468762219077 0.000426701477097734 1.00000000
15160037 160.696770833333 0.688988555959973 0.00042206908907517 1.00000000
15160038 160.718472222222 0.67944866834577 0.000447302702051113 1.00000000
15160039 160.739756944444 0.715636862945751 0.000411238348865647 1.00000000
15160040 160.761030092593 0.6797725871807 0.000496839167723721 1.00000000
15160041 160.776319444444 0.710445132181299 0.000395878900379735 1.00000000
15160042 160.798009259259 0.724751623590171 0.000384438020058852 1.00000000
15160043 160.820868055556 0.70041564792911 0.000404369526380267 1.00000000
15160044 160.84212962963 0.687058163261126 0.000397984836905124 1.00000000
15160045 160.863831018519 0.726246229060078 0.00038617785448859 1.00000000
15160046 160.885960648148 0.685955763184045 0.000424937183273559 1.00000000
15160047 160.907835648148 0.684276090987654 0.000407559865280535 1.00000000
15160048 160.930451388889 0.733099791337124 0.000543307944900883 1.00000000
15161005 161.093194444444 0.714584101809012 0.000410142323051525 1.00000000
15161006 161.116944444444 0.685149172762971 0.000428254496658308 1.00000000
15161007 161.138784722222 0.673530791958083 0.000446830859786573 1.00000000
15161008 161.160266203704 0.719553309354346 0.000429761280558218 1.00000000
15161009 161.181863425926 0.739777629866373 0.000426130977476404 1.00000000
15161010 161.203240740741 0.589317640492542 0.000468375801918678 1.00000000
15161011 161.224386574074 0.72172602101207 0.000430315245712759 1.00000000
15161012 161.24599537037 0.689526525133298 0.000416077384604781 1.00000000
15161013 161.266585648148 0.717393239510637 0.000740165744274626 1.00000000
15161014 161.275335648148 0.691449162223577 0.000412302909449852 1.00000000
15161015 161.29681712963 0.712969510968222 0.000334156516826273 1.00000000
15161016 161.326701388889 0.712929256571045 0.000389957402120359 1.00000000
15161017 161.34880787037 0.726823076173465 0.000802077439628475 1.00000000
15161018 161.355069444444 0.686338949271447 0.000402303547087455 1.00000000
15161019 161.377094907407 0.718606489931662 0.000384492113182434 1.00000000
15161020 161.399537037037 0.723909602587166 0.000635207293683022 1.00000000
15161021 161.408449074074 0.73757184100878 0.000369944618975511 1.00000000
15161022 161.431481481481 0.769811782388948 0.000906213997967352 1.00000000
15161052 161.672048611111 0.637635506436808 0.00286152204188863 1.00000000
15161056 161.701782407407 0.698499305118318 0.00140297314823852 1.00000000
15161059 161.739861111111 0.640991335677732 0.000588783328849641 1.00000000
15161060 161.752951388889 0.69638455480443 0.000458873290371718 1.00000000
15161061 161.773877314815 0.63294105402031 0.000457792341346675 1.00000000
15161062 161.79474537037 0.693930819457799 0.000404854201666302 1.00000000
15161063 161.817141203704 0.744821749882373 0.000860604736850578 1.00000000
15161064 161.823020833333 0.680565493077085 0.00043227110686484 1.00000000
15161065 161.844803240741 0.692016507034111 0.000418685382879088 1.00000000
15161066 161.865925925926 0.684004736422108 0.000779960248748518 1.00000000
15161067 161.907430555556 0.768816884472103 0.00151439644305034 1.00000000
15161068 161.909930555556 0.712896247289777 0.000410458154078792 1.00000000
15161069 161.930358796296 0.690120693028529 0.000431089496821496 1.00000000
15161070 161.95224537037 0.712479825695382 0.0003804212746715 1.00000000
15161071 161.973738425926 0.702500685663881 0.000371399636962485 1.00000000
15161072 161.996319444444 0.718825447564566 0.00038246479010185 1.00000000
15162001 162.017974537037 0.687597235098532 0.000477625193991306 1.00000000
15162015 162.344733796296 0.660867122476214 0.000972851456456706 1.00000000
15162016 162.34974537037 0.693392839289496 0.000437349362671098 1.00000000
15162017 162.371550925926 0.685862302079708 0.000464408130449475 1.00000000
15162018 162.389965277778 0.675442593512267 0.000434514497457708 1.00000000
15162019 162.410081018519 0.393855185960451 0.000889101768581112 1.00000000
15162020 162.421759259259 0.666853696542261 0.000416587213235659 1.00000000
15162021 162.443657407407 0.680542261861846 0.000428004057791672 1.00000000
15162022 162.464444444444 0.659078676193928 0.000433473144253058 1.00000000
15162023 162.486377314815 0.676769150713598 0.000447099948562381 1.00000000
15162024 162.505462962963 0.650887640416377 0.00051975927769486 1.00000000
15162025 162.520069444444 0.648333985600843 0.000414303747794065 1.00000000
15162026 162.541539351852 0.656419111878043 0.000674962488958908 1.00000000
15162027 162.569976851852 0.719912186493982 0.000372708612239623 1.00000000
15162028 162.592060185185 0.73604899391303 0.000393616104731019 1.00000000
15162029 162.612662037037 0.716137457638796 0.000378281714138684 1.00000000
15162030 162.634201388889 0.69012569624173 0.000403290820850035 1.00000000
15162031 162.654861111111 0.729267213732915 0.000834789178331826 1.00000000
15162032 162.660196759259 0.725031190001527 0.000384961390743888 1.00000000
15162047 162.867916666667 0.715775598208257 0.00151389568970791 1.00000000
15162048 162.870266203704 0.700828238394064 0.000415096351859813 1.00000000
15162049 162.892766203704 0.712067782571107 0.000421144430986154 1.00000000
15162050 162.914224537037 0.603283088993148 0.000447314870112003 1.00000000
15162051 162.935740740741 0.656234525132165 0.000542825621599463 1.00000000
15162053 162.95068287037 0.69403053807096 0.00096890722450971 1.00000000
15162054 162.955983796296 0.700420220610822 0.000399449706691488 1.00000000
15162055 162.979375 0.698873116338719 0.000454055997989882 1.00000000
15163001 163.001030092593 0.701059394173166 0.00041451640191507 1.00000000
15163002 163.022916666667 0.687262189845272 0.000411341367703652 1.00000000
15163003 163.044560185185 0.679206916297735 0.000607899756716373 1.00000000
15163004 163.056539351852 0.692478296456637 0.00039391505885209 1.00000000
15163005 163.079212962963 0.715153367133766 0.000427081057145825 1.00000000
15163006 163.097002314815 0.732848781598837 0.000394227219866927 1.00000000
15163007 163.11869212963 0.691804653782387 0.000398269320240289 1.00000000
15163008 163.140289351852 0.662737641454058 0.00041623713337547 1.00000000
15163009 163.16193287037 0.708922442952411 0.000386791033654831 1.00000000
15163010 163.183796296296 0.725050368273004 0.000375122644382872 1.00000000
15163022 163.360046296296 0.728249919343333 0.00093715002099311 1.00000000
15163023 163.365393518519 0.668699294082412 0.000442754346939995 1.00000000
15163024 163.387118055556 0.668906025161861 0.000416766980125639 1.00000000
15163025 163.410219907407 0.634851718664995 0.000501867957074154 1.00000000
15163026 163.426643518519 0.688770705682687 0.000454262157963788 1.00000000
15163027 163.447048611111 0.646167134349006 0.000404690435133791 1.00000000
15163028 163.468796296296 0.67923572677833 0.000402914699516296 1.00000000
15163029 163.490960648148 0.704930679663687 0.00039194540956668 1.00000000
15163033 163.521296296296 0.70028125045652 0.000810532953979216 1.00000000
15163034 163.529837962963 0.691545659953013 0.000409492448075746 1.00000000
15163035 163.548240740741 0.719211184677523 0.000457442069982677 1.00000000
15163054 163.861909722222 0.679115288414391 0.00137159371813456 1.00000000
15163055 163.864930555556 0.672063776625114 0.00040366485141834 1.00000000
15163056 163.886203703704 0.679913625942556 0.000378988848681793 1.00000000
15163057 163.908773148148 0.702063006666878 0.000406808671961493 1.00000000
15163058 163.927141203704 0.700771764227387 0.000866278636395244 1.00000000
15163059 163.932372685185 0.687332878177266 0.000376856291299667 1.00000000
15163060 163.953935185185 0.691313419284066 0.000363923464696516 1.00000000
15163061 163.975451388889 0.719004844201319 0.000362476426625978 1.00000000
15163062 163.997071759259 0.648170747151076 0.000385945988055957 1.00000000
15164001 164.018842592593 0.68808898858551 0.000542075926930902 1.00000000
15164002 164.029085648148 0.711397255747954 0.000365581507031661 1.00000000
15164003 164.050891203704 0.688515738420409 0.000387363391728303 1.00000000
15164004 164.071539351852 0.69204674104718 0.000358208967042886 1.00000000
15164005 164.094328703704 0.735513407893911 0.000330367748120856 1.00000000
15164006 164.11775462963 0.72585147431497 0.000359754151973626 1.00000000
15164007 164.139606481481 0.735469301021627 0.000356467088197124 1.00000000
15164008 164.161469907407 0.709519434410596 0.000349463080527902 1.00000000
15164009 164.184664351852 0.698951472627927 0.000369805599694286 1.00000000
15164033 164.461782407407 0.756914711616009 0.000818610285105182 1.00000000
15164034 164.467233796296 0.718964712787411 0.000895948279942458 1.00000000
15164036 164.473310185185 0.678098473600384 0.000398163446868279 1.00000000
15164037 164.495532407407 0.708122503129843 0.000387187950227818 1.00000000
15164039 164.517476851852 0.723681458847573 0.000382107267598173 1.00000000
15164040 164.538923611111 0.645122651477645 0.00037969051888445 1.00000000
15164041 164.563101851852 0.70836235232695 0.000370434813119855 1.00000000
15164042 164.585092592593 0.715813716571744 0.000359049497228074 1.00000000
15164043 164.607094907407 0.7220961618067 0.000367748055220151 1.00000000
15164044 164.626782407407 0.705493770408508 0.000347192208319967 1.00000000
15164045 164.648310185185 0.72511036768841 0.00034034326981648 1.00000000
15164046 164.671469907407 0.63877430810616 0.000830969166318209 1.00000000
15164047 164.676921296296 0.721729569733026 0.000348058560734156 1.00000000
15164048 164.6990625 0.718813724890429 0.0016223111160276 1.00000000
15164049 164.702291666667 0.667373976842948 0.000372780478188916 1.00000000
15164067 164.917835648148 0.576951511498158 0.0024277390429525 1.00000000
15164068 164.919305555556 0.713687015215127 0.000381652978066408 1.00000000
15164069 164.943252314815 0.652845755693582 0.000484370167850715 1.00000000
15164070 164.95931712963 0.685456698098923 0.000396647750282872 1.00000000
15164071 164.982395833333 0.677040139634732 0.000392467596694405 1.00000000
15165001 165.00443287037 0.704644425920621 0.000366801279943235 1.00000000
15165002 165.026493055556 0.737218914610967 0.000360100948990036 1.00000000
15165003 165.048599537037 0.692665747328781 0.000361870944303726 1.00000000
15165004 165.070451388889 0.695292796906107 0.000460293639306059 1.00000000
15165026 165.451793981481 0.704086558975665 0.000376217622924307 1.00000000
15165027 165.473634259259 0.690124574211696 0.000375299698287083 1.00000000
15165028 165.496099537037 0.675420339507875 0.000400919298007177 1.00000000
15165029 165.516631944444 0.637673431452854 0.000382536028104329 1.00000000
15165031 165.541736111111 0.749026886185681 0.00049818817557616 1.00000000
15165033 165.556979166667 0.646728330889239 0.00104399443371563 1.00000000
15165034 165.560706018519 0.672225561297613 0.000416428466093057 1.00000000
15165035 165.580462962963 0.658621046788516 0.000373848259308378 1.00000000
15165036 165.602465277778 0.638452916789405 0.00037836692877309 1.00000000
15165037 165.624641203704 0.71360799244306 0.000415491648953069 1.00000000
15165038 165.640393518518 0.690936950611121 0.000335614309891485 1.00000000
15165039 165.663125 0.706986774949824 0.0014603290010664 1.00000000
15165040 165.665277777778 0.699454325229682 0.000350434634198247 1.00000000
15165041 165.686539351852 0.659003940742209 0.000369724270704513 1.00000000
15165042 165.708020833333 0.702906696646863 0.000350752124723074 1.00000000
15165043 165.729722222222 0.710294093624355 0.000337486508208367 1.00000000
15165044 165.753854166667 0.737781584215711 0.000470541902386303 1.00000000
15165045 165.767199074074 0.680510257027353 0.000804452997901391 1.00000000
15165046 165.772314814815 0.710145233680441 0.000374272880252844 1.00000000
15165047 165.79369212963 0.734229987061127 0.000598630194663904 1.00000000
15165056 165.946018518519 0.71026526841536 0.00166972650308801 1.00000000
15165057 165.948229166667 0.70481257196984 0.00040563765168889 1.00000000
15165058 165.969652777778 0.707481710658512 0.000397349842180158 1.00000000
15165059 165.991643518519 0.656720611416081 0.000405779142980224 1.00000000
15166004 166.023530092593 0.653197347449243 0.000394461447395412 1.00000000
15166005 166.045104166667 0.683811951408995 0.000386965627407264 1.00000000
15166006 166.066701388889 0.674906871257716 0.000379148541894312 1.00000000
15166007 166.08869212963 0.725774606184477 0.000361858865700839 1.00000000
15166008 166.110509259259 0.711241330750615 0.000442287716915786 1.00000000
15166009 166.129340277778 0.694722636906067 0.000359203541219177 1.00000000
15166010 166.152233796296 0.706900328153603 0.000337492153745914 1.00000000
15166011 166.173831018519 0.705691443707416 0.000405749940721613 1.00000000
15166014 166.206631944444 0.581661472838593 0.000374262806236422 1.00000000
15166015 166.228587962963 0.583313142651476 0.000360062483051776 1.00000000
15166016 166.2525 0.581704396262167 0.00037845550738204 1.00000000
15166017 166.273726851852 0.568507805872633 0.000401117216953356 1.00000000
15166029 166.44712962963 0.715060870909216 0.00098858272064893 1.00000000
15166030 166.450960648148 0.686468235730619 0.000382610579545633 1.00000000
15166031 166.472743055556 0.652377901833379 0.00038416801520213 1.00000000
15166032 166.496770833333 0.697869607278268 0.000417232606670333 1.00000000
15166033 166.514837962963 0.664546176809476 0.000393124944182091 1.00000000
15166034 166.536666666667 0.698466005463448 0.000377593928585514 1.00000000
15166035 166.559907407407 0.662296916400195 0.000382360617127152 1.00000000
15166036 166.581782407407 0.725795383398881 0.000352344855319076 1.00000000
15166037 166.604988425926 0.715289981122616 0.000372802611929967 1.00000000
15166038 166.628715277778 0.682077557715637 0.000379945851329313 1.00000000
15166039 166.647905092593 0.651914464993939 0.000369899942958484 1.00000000
15166040 166.670034722222 0.726738154354875 0.000337363160561169 1.00000000
15166041 166.692384259259 0.726778610100089 0.000332406522479573 1.00000000
15166042 166.714907407407 0.692796660254554 0.000472697289193684 1.00000000
15166043 166.728090277778 0.713230026657401 0.00034688605028579 1.00000000
15166044 166.75005787037 0.711394789665255 0.00035074433551821 1.00000000
15166045 166.771296296296 0.699237106178544 0.00117610562938743 1.00000000
15166046 166.773900462963 0.719906968439062 0.0008049791794517 1.00000000
15166047 166.778564814815 0.705181271078959 0.000450624348849158 1.00000000
15167008 167.12375 0.689696075726668 0.000402543256991913 1.00000000
15167009 167.145347222222 0.67855888723507 0.000403180314560209 1.00000000
15167011 167.167789351852 0.667869805625657 0.000400518158114816 1.00000000
15167012 167.189548611111 0.670857937025949 0.000384556358407091 1.00000000
15167013 167.21255787037 0.688417871497388 0.000391019567288295 1.00000000
15167014 167.232835648148 0.691810207767068 0.000453879545647598 1.00000000
