15097030 97.5428587962963 0.612439544463909 0.000809156078569128 1.00000000
15097032 97.561087962963 0.589920378179926 0.000855067042021086 1.00000000
15097034 97.5685416666667 0.582617775450333 0.000347451678649042 1.00000000
15097039 97.6284375 0.64367328912953 0.00070377592252796 1.00000000
15097040 97.6378472222222 0.631967770143107 0.000425730998230291 1.00000000
15097041 97.660625 0.638265138106506 0.000421140969948454 1.00000000
15097042 97.6837037037037 0.656392465012114 0.000433989321912406 1.00000000
15097043 97.7053587962963 0.641851651082464 0.000470007716309842 1.00000000
15097044 97.7251388888889 0.660477066047793 0.000444471586383877 1.00000000
15097046 97.7480324074074 0.64525286041159 0.000473973249008903 1.00000000
15097049 97.7745023148148 0.647208926391198 0.000859550215811896 1.00000000
15097050 97.7815046296296 0.640665770506237 0.000467419156644536 1.00000000
15097051 97.803275462963 0.655398687109844 0.000734844592230243 1.00000000
15097054 97.8168171296296 0.652503374373891 0.00048219923779832 1.00000000
15097055 97.838125 0.640887564604332 0.000731808079604798 1.00000000
15097056 97.8502546296296 0.665617394877097 0.000492947862488021 1.00000000
15097057 97.8716550925926 0.661330940163662 0.00083773576121903 1.00000000
15097059 97.8829513888889 0.66375467427501 0.0054597385337594 1.00000000
15097061 97.8895833333333 0.667334842218989 0.00050253057110833 1.00000000
15097062 97.9113310185185 0.634567530333635 0.000527705352800984 1.00000000
15097063 97.9330671296296 0.644596904685408 0.000514812671607172 1.00000000
15097064 97.9565162037037 0.660180710438069 0.000930560805980566 1.00000000
15097065 97.9640046296296 0.667063643812445 0.000528092988738379 1.00000000
15097066 97.9867013888889 0.661711671302641 0.000650289425888265 1.00000000
15098001 98.005462962963 0.657401294717051 0.000716972550474884 1.00000000
15098002 98.0199074074074 0.637680733127459 0.00103644634204365 1.00000000
15098003 98.0270138888889 0.666698173449573 0.00054159871863377 1.00000000
15098005 98.055787037037 0.66936211362878 0.000561679205272518 1.00000000
15098020 98.299537037037 0.629517901812778 0.000517377517407526 2.05402279
15098021 98.3210416666667 0.637536921734824 0.000512083111170839 1.70747399
15098022 98.3425694444444 0.639648077646827 0.000658377860822533 1.00000000
15098024 98.3649189814815 0.642029446225176 0.000976313584989042 1.00000000
15098028 98.3859953703704 0.649229521814747 0.000475788622475043 1.00000000
15098029 98.4034837962963 0.619619234265649 0.000443881587889971 1.00000000
15098035 98.4434259259259 0.638978229055787 0.000419158545340397 1.00000000
15098036 98.4663194444444 0.65398521292601 0.000438366983439251 1.00000000
15098037 98.4894675925926 0.656646944180816 0.000428833945664596 1.00000000
15098038 98.5108449074074 0.650302381126192 0.000427543713351607 1.00000000
15098039 98.5328935185185 0.661288016053139 0.000641434722466998 1.00000000
15098042 98.5723958333333 0.651423632867493 0.000692139670212931 1.00000000
15098075 98.9688310185185 0.6845066175859 0.00246621537047549 2.00434661
15098076 98.9702083333333 0.630702865208344 0.00037050345172402 1.98012245
15098077 98.9922106481481 0.624215539346376 0.00126374169901616 1.70475686
15099002 99.0197453703704 0.611288118493762 0.000787146181680738 1.00000000
15099003 99.0258680555556 0.623822303223702 0.000434691264646794 1.00000000
15100026 100.295694444444 0.623783296644114 0.00169886642014037 1.74394691
15100029 100.334895833333 0.643010367542252 0.000409686946668533 1.00000000
15100030 100.357418981481 0.626297306664588 0.000552235532501709 1.00000000
15100031 100.373935185185 0.639332999093513 0.000978752136178689 1.00000000
15100032 100.378310185185 0.646747568848547 0.000401558349175884 1.00000000
15100033 100.400625 0.654417576500464 0.000661953547812695 1.00000000
15100035 100.414409722222 0.647685490002314 0.000594437808273216 1.00000000
15100036 100.425416666667 0.647502511768813 0.000410371018753948 1.00000000
15100037 100.447106481481 0.638160456420318 0.000414695181179683 1.00000000
15100038 100.46900462963 0.608206261610373 0.000420714626820112 1.00000000
15100039 100.491493055556 0.64202102673021 0.000480609774953685 1.00000000
15100040 100.512858796296 0.668453206217181 0.00140171178431282 1.00000000
15100100 100.853344907407 0.675450315628248 0.00132710915147901 1.00000000
15100101 100.859328703704 0.677588397087856 0.000608419106202518 1.00000000
15100102 100.88130787037 0.68297781219431 0.0011517895964876 1.00000000
15100103 100.888032407407 0.679202015540174 0.00151060514999218 1.00000000
15101009 101.182430555556 0.632998766351849 0.000385699771622114 1.92796993
15101010 101.204386574074 0.6230912452762 0.00039661678135868 1.69883251
15101011 101.227430555556 0.59885524944382 0.000420178083890405 1.00000000
15101012 101.249027777778 0.648473793846431 0.000422952357869122 1.00000000
15101013 101.272546296296 0.643341151057865 0.000421462343047551 1.00000000
15101014 101.294039351852 0.598704775305501 0.000429524280359693 1.00000000
15101015 101.315659722222 0.640304147654619 0.000675054079582228 1.00000000
15101016 101.324490740741 0.641499929492443 0.000428308390076636 1.00000000
15101017 101.345856481481 0.634141450460543 0.00072787334892409 1.00000000
15101018 101.355023148148 0.620712287766065 0.000431656348424306 1.00000000
15101019 101.377025462963 0.651843943093319 0.000671478844435374 1.00000000
15101020 101.390740740741 0.611180789847638 0.000455354353745999 1.00000000
15101021 101.413726851852 0.656965004436698 0.000431975799739529 1.00000000
15101022 101.435775462963 0.649560541525177 0.00121359864419942 1.00000000
15101023 101.440405092593 0.657052220324306 0.000453049000498964 1.00000000
15101051 101.880787037037 0.629903700547445 0.000389171178683081 1.91526842
15102014 102.285833333333 0.625849067667449 0.000395045418949338 1.80594170
15102015 102.307175925926 0.635130206954726 0.000412962674672903 1.00000000
15102016 102.328738425926 0.624950253836243 0.000481418211035723 1.00000000
15102017 102.349490740741 0.621788282576374 0.000414293521262791 1.00000000
15102018 102.370856481481 0.639884922190208 0.000414386082501175 1.00000000
15102019 102.392303240741 0.647552012373407 0.000503155408965504 1.00000000
15102020 102.41130787037 0.640356542456033 0.000423384177452469 1.00000000
15102021 102.432824074074 0.395142615783211 0.0280405023181302 1.00000000
15102022 102.433912037037 0.629234840187979 0.000434376820228709 1.00000000
15102023 102.455335648148 0.638399558187314 0.000510913191104618 1.00000000
15102024 102.473240740741 0 0.0104228305899885 1.00000000
15102026 102.475173611111 0.651936999330274 0.000479691032589525 1.00000000
15102041 102.733634259259 0.656685355616672 0.00112040653711966 2.05794740
15102042 102.737094907407 0.622569292541032 0.000634685759607245 2.00512314
15102043 102.745752314815 0.629063181122621 0.000446140975994749 1.84078944
15102044 102.763796296296 0.620988396376831 0.0012505465163206 1.00000000
15102046 102.775 0.61479785036121 0.00322030985197311 1.00000000
15102047 102.778078703704 0.603902390358785 0.00250223466373438 1.00000000
15102050 102.7871875 0.641113581592686 0.000444122567947508 1.00000000
15102053 102.81412037037 0.635636051171952 0.00039328060159711 1.00000000
15102056 102.843391203704 0.64402621821766 0.000427437702056774 1.00000000
15102057 102.865798611111 0.642928604219364 0.000405836144920583 1.00000000
15102058 102.890405092593 0.62483167185951 0.000452809168323919 1.00000000
15102059 102.910520833333 0.65597160547698 0.00046920952510643 1.00000000
15102060 102.9284375 0.642508659007126 0.000442567702331066 1.00000000
15103019 103.372025462963 0.593280706596381 0.000393413822675418 2.04304910
15103020 103.394155092593 0.604282144481032 0.000738238097672699 1.80057502
15103021 103.402083333333 0.63240176464235 0.000400287497588536 1.67919385
15103022 103.423472222222 0.614377157435975 0.000416901481392025 1.00000000
15103023 103.444780092593 0.648467583882705 0.000409551397055513 1.00000000
15103024 103.466400462963 0.632297635244435 0.000440750463393852 1.00000000
15103025 103.487824074074 0.637205207868765 0.000492385202980689 1.00000000
15103026 103.504525462963 0.633125265182714 0.000721253897146082 1.00000000
15103027 103.512476851852 0.604225499709676 0.00043066495699174 1.00000000
15103028 103.533993055556 0.6434322992542 0.000419864362427557 1.00000000
15103029 103.555625 0.638841946355894 0.000631406869171868 1.00000000
15103030 103.566805555556 0.645863489899253 0.000451844398163299 1.00000000
15103031 103.586284722222 0.628269326253004 0.00048996886904086 1.00000000
15103055 103.855474537037 0.632879779512771 0.000396108142991423 2.01600170
15103056 103.876828703704 0.622693994605001 0.000396499893453717 1.67263734
15103057 103.898333333333 0.619477153007311 0.000979918647273777 1.00000000
15103058 103.906400462963 0.626376697421846 0.000415000698350797 1.00000000
15103059 103.927615740741 0.62997920927527 0.000415551563406142 1.00000000
15103060 103.95025462963 0.63952904538732 0.000422322650323922 1.00000000
15103062 103.973726851852 0.643141791696178 0.000471697601543833 1.00000000
15103063 103.995601851852 0.60493009595214 0.00135853429989142 1.00000000
15104012 104.228993055556 0.63586334021393 0.000394858424871384 2.07802582
15104013 104.249444444444 0.584774503127359 0.000441798744805519 1.00000000
15104014 104.268842592593 0.635813297310288 0.000412549330911027 1.00000000
15104015 104.292118055556 0.632458119818814 0.000418441821814411 1.00000000
15104016 104.313587962963 0.0127359174410311 0.0172377017625306 1.00000000
15104017 104.314861111111 0.646375060627364 0.000432354585994881 1.00000000
15104018 104.336493055556 0.586204752608635 0.0277475183256223 1.00000000
15104019 104.337349537037 0.639607510924311 0.000433989423936712 1.00000000
15104020 104.358738425926 0.636874603263731 0.000430582272759662 1.00000000
15104021 104.380011574074 0.644000283529342 0.000433868335237749 1.00000000
15104022 104.401377314815 0.642209635952054 0.000448585316332525 1.00000000
15104023 104.422835648148 0.64744754057201 0.000432851995813616 1.00000000
15104024 104.446388888889 0.647671913831787 0.000548958955740474 1.00000000
15104060 104.858460648148 0.564809243622362 0.00121535064886887 1.00000000
15104062 104.86412037037 0.622913620833556 0.00172098571628722 1.00000000
15104063 104.866203703704 0.634297130135655 0.000595527904500862 1.00000000
15104064 104.877407407407 0.642276143991391 0.000432775314091424 1.00000000
15104065 104.897361111111 0.591174858212751 0.000413172041158504 1.00000000
15104066 104.919699074074 0.613161851185172 0.000445828973834579 1.00000000
15104067 104.94119212963 0.637815639955611 0.000432637234951888 1.00000000
15104068 104.962650462963 0.645484269443107 0.00158532862097908 1.00000000
15104069 104.966388888889 0.644588142700589 0.000401398028048139 1.00000000
15104070 104.991689814815 0.659556619703291 0.000415950874765099 1.00000000
15105001 105.013923611111 0.652980174862093 0.000530282900397979 1.00000000
15105002 105.029247685185 0.658477620310992 0.000396594971199208 1.00000000
15105003 105.054143518519 0.651082317997654 0.00041572340594636 1.00000000
15105004 105.077118055556 0.62205506574777 0.000437963072792665 1.00000000
15105005 105.099236111111 0.655926002621828 0.000423821510999993 1.00000000
15105006 105.122037037037 0.656356150590147 0.000440153110593536 1.00000000
15105008 105.146493055556 0.662525127290588 0.000920377142617799 1.00000000
15105019 105.354652777778 0.635337608827105 0.000804900778113417 1.00000000
15105020 105.363368055556 0.609727400193929 0.000426915587404564 1.00000000
15105021 105.384733796296 0.63068689298184 0.000423548841571758 1.00000000
15105023 105.410034722222 0.635595540893961 0.000425399183983873 1.00000000
15105024 105.431469907407 0.635943633742513 0.000442772015611684 1.00000000
15105025 105.455243055556 0.630840582921706 0.00048334432271712 1.00000000
15105026 105.480810185185 0.653695323555282 0.000427803649593444 1.00000000
15105028 105.50318287037 0.618881814416603 0.000441123709478305 1.00000000
15105029 105.525011574074 0.643543580784597 0.000680047207395654 1.00000000
15105030 105.538900462963 0.658081451161254 0.000445341038694263 1.00000000
15105031 105.561805555556 0.660633992501147 0.000533350481440924 1.00000000
15105032 105.57943287037 0.661769444400263 0.000464839652780185 1.00000000
15105033 105.600775462963 0.66620416148282 0.000912685753042821 1.00000000
15105063 105.823784722222 0.637982689833652 0.000436896149964758 1.00000000
15105064 105.844224537037 0.647736034317331 0.00109296367058007 1.00000000
15105065 105.848217592593 0.636982167073443 0.000408530857574814 1.00000000
15105067 105.879027777778 0.616047440388709 0.000420349004776324 1.00000000
15105068 105.901944444444 0.623672003588454 0.000424036636554951 1.00000000
15105070 105.924490740741 0.640469594600813 0.000421019425209627 1.00000000
15105071 105.946168981481 0.64944790501566 0.000418663909922707 1.00000000
15105072 105.968101851852 0.654865997435904 0.000432765203177296 1.00000000
15105073 105.989907407407 0.628556856871489 0.000437697034808591 1.00000000
15106001 106.011331018519 0.646151657907069 0.00043580968475201 1.00000000
15106002 106.033078703704 0.633831870541846 0.000449694250273572 1.00000000
15106005 106.068541666667 0.656918465608432 0.000562906888251258 1.00000000
15106008 106.168865740741 0.61250264545614 0.000651072004206048 1.00000000
15106009 106.181238425926 0.633746033177875 0.000483704696238977 1.00000000
15106010 106.203009259259 0.650913263473889 0.000486273674013386 1.00000000
15106011 106.224548611111 0.622586390914413 0.000571051182812319 1.00000000
15107005 107.083622685185 0.641517002324848 0.00040520701822198 1.00000000
15107006 107.105648148148 0.635696093335476 0.000409150293035015 1.00000000
15107007 107.127071759259 0.638496813389446 0.000527800558111136 1.00000000
15107008 107.143518518519 0.647235030807271 0.000399033874587303 1.00000000
15107009 107.166111111111 0.63842672562172 0.000409496258701872 1.00000000
15107010 107.187696759259 0.644468507021609 0.000423608996849754 1.00000000
15107011 107.210081018519 0.649888423261799 0.000411593561952996 1.00000000
15107012 107.231666666667 0.635524208724394 0.000456315070022692 1.00000000
15107013 107.266215277778 0.652670619360101 0.000481492194984405 1.00000000
15107014 107.289212962963 0.644772472438682 0.000417311553777331 1.00000000
15107015 107.310706018519 0.656960471604016 0.000799816819600819 1.00000000
15107082 107.844108796296 0.646803842906426 0.000423845607951848 1.00000000
15107083 107.865821759259 0.647667137813768 0.00143706360222149 1.00000000
15107084 107.870543981481 0.640326863692801 0.000431371834545015 1.00000000
15107085 107.892118055556 0.646305919229823 0.000414422955885413 1.00000000
15107086 107.915821759259 0.655217669352344 0.000397174869499778 1.00000000
15107087 107.9378125 0.636428005000644 0.000389888160006077 1.00000000
15107088 107.961886574074 0.646860666280339 0.000938531893904638 1.00000000
15107089 107.966516203704 0.642746272533873 0.000409440891898715 1.00000000
15107090 107.987951388889 0.653677455785772 0.000406853787042337 1.00000000
15108001 108.009733796296 0.654934106344548 0.000385813206116709 1.00000000
15108011 108.270659722222 0.633664229024014 0.000418465143001684 1.00000000
15108012 108.292291666667 0.634679646035688 0.000412349831446695 1.00000000
15108013 108.313703703704 0.636748041589573 0.000405053461827617 1.00000000
15108014 108.334780092593 0.627903292227533 0.000403634509948113 1.00000000
15108015 108.361944444444 0.639834773554882 0.0004057638917798 1.00000000
15108016 108.383321759259 0.632804010986848 0.000390714736247183 1.00000000
15108017 108.408159722222 0.644117434344858 0.0007400542245505 1.00000000
15108020 108.425659722222 0.641890494514793 0.0013069319224665 1.00000000
15108022 108.436759259259 0.648798746371869 0.000396396657618295 1.00000000
15108023 108.459108796296 0.655086488632336 0.000390176240473292 1.00000000
15108024 108.482928240741 0.638954038447458 0.000414784351221413 1.00000000
15108025 108.504201388889 0.653645194326853 0.000504757481227464 1.00000000
15108027 108.519166666667 0.654074205289055 0.000419471045914333 1.00000000
15108028 108.540219907407 0.661336107721566 0.000789605683147785 1.00000000
15108078 108.956180555556 0.651162177724534 0.000520160845010587 1.00000000
15108079 108.972280092593 0.647189026882137 0.000857307131625096 1.00000000
15108080 108.979050925926 0.648161730425959 0.000412397835108489 1.00000000
15109001 109.000648148148 0.62884868755496 0.000409361376755803 1.00000000
15109002 109.022199074074 0.619016666440684 0.000464655077109252 1.00000000
15109006 109.085069444444 0.644188584155372 0.00040908742357668 1.00000000
15109007 109.106574074074 0.657693859999594 0.000397849084206382 1.00000000
15109008 109.128206018519 0.653512957173328 0.000399757175787231 1.00000000
15109009 109.150844907407 0.669501380081016 0.000383203368262781 1.00000000
15109010 109.174884259259 0.631171050793001 0.000414209736001636 1.00000000
15109011 109.196122685185 0.644134191730922 0.000411958476831542 1.00000000
15109012 109.217708333333 0.653968401317796 0.000419236853164666 1.00000000
15109013 109.239189814815 0.657354238281714 0.000462270702696273 1.00000000
15109031 109.561689814815 0.635410914293238 0.000414034328525193 1.00000000
15109032 109.583194444444 0.635580067995617 0.000422121512998419 1.00000000
15109033 109.604513888889 0.64169685879274 0.00090141578852132 1.00000000
15109034 109.611655092593 0.656878261772617 0.000604774144504031 1.00000000
15109035 109.621435185185 0.631796428794451 0.000463145716123075 1.00000000
15109036 109.641655092593 0.653858592566103 0.000992264009081799 1.00000000
15109037 109.646863425926 0.656594396149568 0.00064134011938699 1.00000000
15109038 109.656493055556 0.640548875270541 0.000504735854871104 1.00000000
15109039 109.675324074074 0.647576728561744 0.000475667553136428 1.00000000
15109040 109.694479166667 0.668217314062016 0.00415851937561108 1.00000000
15109041 109.695532407407 0.655029530480818 0.000434995706227055 1.00000000
15109042 109.71474537037 0.657542938655219 0.00164079749907033 1.00000000
15109043 109.718078703704 0.647107846339803 0.000539106446450224 1.00000000
15109045 109.732696759259 0.650545013777497 0.000929861298314143 1.00000000
15109046 109.737696759259 0.644080926607602 0.000479562565594965 1.00000000
15109061 109.958645833333 0.627836488083835 0.000759250632400313 1.00000000
15109062 109.968564814815 0.640339287768974 0.000712284965689414 1.00000000
15109063 109.982152777778 0.648088139694852 0.000903357790740278 1.00000000
15109065 109.992881944444 0.630108470693257 0.000932038257028378 1.00000000
15110001 110.000706018519 0.635363136988105 0.000713969226172275 1.00000000
15110002 110.011331018519 0.641341677246424 0.000716778236225967 1.00000000
15110003 110.023622685185 0.62364356916013 0.0004328590141456 1.00000000
15110004 110.044930555556 0.638818582818862 0.000417050016264464 1.00000000
15110005 110.068645833333 0.648995389369187 0.000438016681733457 1.00000000
15110008 110.093101851852 0.653354634017589 0.000411183441244347 1.00000000
15110009 110.114861111111 0.655975092514684 0.000400165348366524 1.00000000
15110010 110.136458333333 0.642980253938357 0.000404795713986413 1.00000000
15110011 110.15849537037 0.649916772786602 0.000402972891817634 1.00000000
15110012 110.180104166667 0.642102840524455 0.000397754522521519 1.00000000
15110013 110.203298611111 0.65694613326339 0.000628145988337287 1.00000000
15110026 110.475 0.653969656378985 0.000683455086244722 1.00000000
15110027 110.485706018519 0.639568951678312 0.000406069068218396 1.00000000
15110028 110.506886574074 0.645640592679709 0.000401977968070273 1.00000000
15110029 110.528935185185 0.645172449926038 0.000398400885076504 1.00000000
15110030 110.550405092593 0.640644029536904 0.000405219056616695 1.00000000
15110031 110.57162037037 0.635100432482774 0.000447228535626275 1.00000000
15110032 110.612094907407 0.381984760200764 0.00811290701573543 1.00000000
15110033 110.614953703704 0.655013411015484 0.000398704902352213 1.00000000
15110034 110.636157407407 0.654546338550804 0.000507764189627458 1.00000000
15110035 110.651319444444 0.654901670758776 0.000603902078581979 1.00000000
15110050 110.900405092593 0.629049380800055 0.000476419405016684 1.00000000
15110051 110.91818287037 0.638628589633004 0.000425702126090997 1.00000000
15110052 110.939583333333 0.639995060531991 0.000391414867856729 1.00000000
15110053 110.962719907407 0.635569848827724 0.000762156658942691 1.00000000
15111067 111.958634259259 0.6493016684564 0.000416386093698912 1.00000000
15111068 111.980601851852 0.635533546983689 0.000402126243221055 1.00000000
15112001 112.00318287037 0.64655964084463 0.000404309987180036 1.00000000
15112003 112.039444444444 0.647254507799803 0.000405229042475374 1.00000000
15112004 112.060868055556 0.646949749992005 0.0004011903810679 1.00000000
15112005 112.082650462963 0.640581137730341 0.000404442794381474 1.00000000
15112006 112.104131944444 0.661427363363243 0.000399584465857309 1.00000000
15112007 112.125740740741 0.65543384765017 0.000965914577001981 1.00000000
15112023 112.393877314815 0.633510779570556 0.000554567649540753 1.00000000
