15086044 86.5321643518518 0.451970240755044 0.000762956232236085 1.88412821
15086045 86.5360648148148 0.452878302342628 0.000859274992751843 1.83611476
15086046 86.5402893518519 0.469988183997805 0.00036261961857035 1.80812204
15086050 86.5600694444444 0.483744613712685 0.000666385283521308 1.77523553
15086051 86.5661805555556 0.481868410741095 0.000457411983986518 1.67657983
15086054 86.5897685185185 0.455864047700024 0.000371185590790136 1.80365646
15086055 86.6055324074074 0.459124627229376 0.000403354170525852 1.96844339
15086058 86.6250462962963 0.462315222261205 0.000435267950342973 1.94906986
15086059 86.639837962963 0.458959835486341 0.000613156646815769 1.96407735
15086060 86.6496875 0.467999434009411 0.00068185402083996 1.69028771
15086061 86.6562847222222 0.487601340574359 0.000350862385077429 1.88229704
15086062 86.6763078703704 0.507785203043155 0.000353717644443198 1.62733877
15086063 86.7009027777778 0.516417035606913 0.000362494818564132 1.49059522
15086064 86.7215393518518 0.531245234303591 0.000357567187445898 1.32253826
15086065 86.7445717592593 0.50919515310187 0.000789480216670396 1.39814019
15086066 86.751400462963 0.521567704071843 0.000363554422802492 1.46312308
15086067 86.7741203703704 0.544042754589649 0.000425927761488228 1.00000000
15086068 86.7928819444444 0.562152330090352 0.000376215250759009 1.21270108
15086069 86.8151388888889 0.588774540444147 0.000363019639211769 1.00000000
15086072 86.8401157407407 0.657488892586648 0.000426073891027464 1.00000000
15086073 86.8615625 0.676678866015999 0.00046206625303005 1.00000000
15086074 86.8804861111111 0.655628254550379 0.000396971809663162 1.00000000
15086075 86.9022106481481 0.658324553218379 0.00202248461036439 1.00000000
15086077 86.9090740740741 0.671088892135156 0.000460341296041952 1.00000000
15086078 86.9257175925926 0.669706323420669 0.00147571703002261 1.00000000
15086079 86.9281018518518 0.672161095601432 0.000803500328912791 1.00000000
15086082 86.9987731481481 0.44476661728468 0.000350158521411666 2.29840922
15087001 87.0172685185185 0.45420463339199 0.000315161947958549 2.14254570
15087002 87.0402893518519 0.434046718598925 0.000304435786057143 2.14763260
15087004 87.0700925925926 0.456638777839475 0.000293233874058169 2.11685491
15087005 87.0973726851852 0.460449991591271 0.00202474998176915 1.93272436
15087006 87.1015046296296 0.472370532238011 0.000316872109013005 1.92656434
15087007 87.126099537037 0.472997132791083 0.000318601322273459 1.99713993
15087008 87.1500578703704 0.489420929486807 0.000332190642143388 1.86911726
15087009 87.1744444444444 0.518087106091374 0.000343606805350011 1.61176503
15087010 87.1976388888889 0.552294288653806 0.000372129755043552 1.39865088
15087011 87.2197453703704 0.583071415843719 0.000839087468570735 1.00000000
15087012 87.2261689814815 0.580922606694445 0.000387010783944002 1.11049819
15087013 87.248287037037 0.611278313296973 0.000533267769637319 1.00000000
15087016 87.2731365740741 0.648944588089305 0.000391233705809097 1.00000000
15087017 87.2956828703704 0.681366325505705 0.000392404118649206 1.00000000
15087018 87.3182986111111 0.703986920668136 0.000568900258547011 1.00000000
15087019 87.3311574074074 0.72089270297223 0.000415988208884165 1.00000000
15087020 87.3530324074074 0.715779497520974 0.000530301006449798 1.00000000
15087022 87.3854398148148 0.705216811362275 0.000551084098126351 1.00000000
15087036 87.5429282407407 0.469381987318071 0.000489897360780592 2.45843148
15087037 87.5605324074074 0.503609467412263 0.000505650659790001 1.77363992
15087038 87.5841782407407 0.463716574854589 0.000318039444557636 1.87195528
15087039 87.606875 0.443382604311359 0.000304431832020512 2.03845930
15087040 87.6303472222222 0.440152496510007 0.00030884993272275 2.06968570
15087041 87.6517939814815 0.441769705250944 0.000311316990271561 2.07328153
15087042 87.6731481481481 0.4539492116908 0.00031563067204594 2.03643537
15087043 87.6959953703704 0.467501808724512 0.000479030547400345 1.93298912
15087046 87.707650462963 0.517294724509686 0.000339068441209886 1.85147548
15087047 87.7292824074074 0.48089377613493 0.000334992319200764 1.55708826
15087049 87.7511921296296 0.478417748270646 0.000329723524769739 1.90297318
15087050 87.7728935185185 0.48641482985405 0.000729319159212434 1.63391089
15087052 87.7785185185185 0.479459941743077 0.000640839542152984 1.72321165
15087055 87.8344791666667 0.613777330888383 0.000782204943626397 1.00000000
15087056 87.8402083333333 0.610201719665207 0.000364076802446699 1.00000000
15087057 87.8633449074074 0.605995996482883 0.00109625879812769 1.00000000
15087058 87.8822337962963 0.589612097434268 0.000749654583883723 1.01043916
15087059 87.8880324074074 0.587167238380403 0.00076519887510296 1.01560950
15088003 88.0151851851852 0.377481905838585 0.000306603953441292 2.47520232
15088004 88.0334606481482 0.325764198878754 0.000256098552823242 2.86552024
15088005 88.0582291666667 0.309584207260653 0.000255556614689366 3.24385476
15088006 88.0802430555556 0.365954847556138 0.000279858339339194 2.99196291
15088007 88.1019791666667 0.440958284731782 0.000310156431433192 2.37813854
15088008 88.1239699074074 0.488358036138456 0.00029796974609651 1.93650794
15088013 88.1574074074074 0.514845123678943 0.000308092558431126 1.46190679
15088014 88.1841666666667 0.534573271973584 0.000356274231872301 1.33202600
15088015 88.20625 0.544416558128548 0.000366016651259659 1.23635495
15088017 88.2288773148148 0.548950261076792 0.000362590306386696 1.20037615
15088019 88.2507638888889 0.572525641376385 0.000359325764304451 1.17361021
15088020 88.274375 0.613899587452368 0.000389653831850782 1.00463998
15088037 88.5148726851852 0.343138546139392 0.000301429587208758 2.93866038
15088039 88.5312384259259 0.318630855592156 0.000597444878956389 3.00230098
15088063 88.8987731481482 0.491793582940726 0.000381815768892116 1.68822300
15088064 88.9156134259259 0.533422882452377 0.000353025424989021 1.19190252
15088066 88.9388194444444 0.545808453823672 0.000366022062100671 1.06438053
15088067 88.9593171296296 0.540126375852657 0.00043231650731008 1.04925179
15088068 88.9761111111111 0.526416985930036 0.000354233490943081 1.08687520
15088069 88.9978125 0.528157700475451 0.000350082202319461 1.22061741
15089002 89.0197222222222 0.549476010465362 0.000331346012418705 1.08521318
15089004 89.0454398148148 0.577140564746565 0.000369917660369281 1.00000000
15089005 89.0674074074074 0.593749554762005 0.000377060598723363 1.00000000
15089006 89.0890277777778 0.615039846693321 0.00038641952429902 1.00000000
15089007 89.1107291666667 0.636921826732693 0.000374868451497736 1.00000000
15089008 89.1347569444444 0.637506231131501 0.000370310079770124 1.00000000
15089009 89.1592592592593 0.636602695182436 0.000335448941371639 1.00000000
15089010 89.1875231481482 0.658402321229369 0.000654525741092561 1.00000000
15089028 89.5335532407407 0.469333584189757 0.000488755893537993 1.65122926
15089029 89.5455555555556 0.469836177891589 0.000573478287328743 1.63973629
15089030 89.5561689814815 0.494302257080451 0.000330657673240407 1.55944479
15089031 89.5792592592592 0.528994275790007 0.000514937691547304 1.19946444
15089032 89.5897685185185 0.553886102927707 0.000337193677785867 1.09443295
15089033 89.6159722222222 0.582380792684656 0.000386492276580761 1.00000000
15089034 89.6359143518519 0.555560903637492 0.00036988497830816 1.00000000
15089036 89.6587152777778 0.540482257915541 0.000482964984192323 1.07113981
15089037 89.672337962963 0.554658166770292 0.000362818042120643 1.09994638
15089038 89.6939467592593 0.584841117374706 0.000495180258661174 1.00000000
15089039 89.709212962963 0.591321841979203 0.00036956231136556 1.00000000
15089040 89.7308796296296 0.601466194985799 0.000369965560337509 1.00000000
15089041 89.7524421296296 0.615305120265312 0.000681750413163994 1.00000000
15089042 89.7604398148148 0.636785478684766 0.000384520207154228 1.00000000
15089044 89.7836111111111 0.657020971851974 0.00043005025218769 1.00000000
15089045 89.8013194444444 0.658369736147853 0.000362495612381426 1.00000000
15090008 90.1211805555556 0.476430900004341 0.000363488444020222 1.63452101
15090010 90.1397106481482 0.503279549692388 0.000327204831864241 1.48046100
15090053 90.6929166666667 0.461351099462632 0.000336868515908926 1.71571290
15090054 90.7143518518519 0.48828377441661 0.000340976157895095 1.32511115
15090056 90.7378472222222 0.500091363426008 0.000345785264992838 1.26065969
15090057 90.7593287037037 0.511555396102023 0.000419895238273479 1.20747828
15090058 90.7763310185185 0.526264867725807 0.000358993709253871 1.15995765
15090059 90.7980208333333 0.526742111926258 0.00126010983047366 1.13069892
15090060 90.8020138888889 0.534589846701922 0.000359968192097163 1.12693512
15090062 90.8238078703704 0.557213332538715 0.000377018629008801 1.04964149
15090063 90.8445138888889 0.578505576716948 0.000355629800577235 1.00000000
15090064 90.8698611111111 0.598740387545333 0.000377062010158477 1.00000000
15090065 90.8916087962963 0.603298225081374 0.000387015008188696 1.00000000
15090066 90.9123611111111 0.617465240529922 0.000383519864066847 1.00000000
15090067 90.9340972222222 0.642733352659973 0.000695737852301613 1.00000000
15090068 90.9418055555556 0.790905282028177 0.00113460517280119 1.00000000
15091030 91.5789699074074 0.601752591330688 0.000537626763831217 1.15120685
15091032 91.5945717592592 0.580510058713337 0.000418137469827523 1.00000000
15091033 91.614224537037 0.517697571555258 0.000417096417478813 1.08510220
15091034 91.6394675925926 0.512382328167896 0.000438738930479201 1.24499810
15091036 91.6560648148148 0.502559593632796 0.000334947882157176 1.24983883
15091037 91.6783912037037 0.501220806889828 0.000338626298986693 1.24888647
15091038 91.7004282407407 0.529305514759142 0.000366127609437056 1.22152734
15091040 91.7219097222222 0.532715008720191 0.000354002228932614 1.16752064
15091041 91.7431481481481 0.541456967127043 0.00035346518047754 1.10391879
15091042 91.7647916666667 0.559542568070841 0.000345467737141329 1.05357313
15091045 91.7921990740741 0.581299187609465 0.000362958212732685 1.00000000
15091046 91.8146875 0.606296439223595 0.000305944799306249 1.00000000
15092016 92.224525462963 0.503475992732093 0.000388240705634216 1.31762409
15092017 92.2413078703704 0.500775978231837 0.000592152280713715 1.24757957
15092018 92.250150462963 0.515942157278203 0.000366624024643593 1.20997059
15093009 93.1900231481481 0.478301104997554 0.000802760645658241 1.33339930
15093010 93.1977662037037 0.486728589908485 0.000733064755499882 1.29525721
15093011 93.2031597222222 0.489484021875408 0.00177338075173325 1.27644312
15093012 93.2090046296296 0.498314257445091 0.000625655383511449 1.24996614
15093013 93.2166666666667 0.508518879432981 0.000320962725421804 1.22776985
15093015 93.2396064814815 0.528814326449543 0.000345252742739138 1.14445841
15093016 93.2595717592592 0.539021575548566 0.000510571021112034 1.08835459
15093017 93.2695833333333 0.551300221593161 0.000347341131177935 1.05492342
15093018 93.2904166666667 0.566346654351472 0.000510482050780648 1.00000000
15093043 93.6663078703704 0.446804843783484 0.000298519263158325 1.97620904
15093044 93.6885069444445 0.465684050550661 0.000325237651022613 1.54853570
15093045 93.7091666666667 0.493353495716425 0.000330955326851488 1.32438064
15093046 93.7296180555555 0.509088617611411 0.000324709926504478 1.23448300
15093048 93.7526157407407 0.526744904858253 0.000338076839557404 1.14870119
15093049 93.7733217592593 0.553191673303094 0.000336596599456663 1.07288778
15093050 93.7947569444444 0.57114037825174 0.000337591722154317 1.00000000
15093051 93.8166319444445 0.593765492578104 0.000348592513438373 1.00000000
15093052 93.8379398148148 0.600701168267269 0.000326268279865304 1.00000000
15093053 93.8620023148148 0.619175773404127 0.000402171158129282 1.00000000
15093054 93.8779976851852 0.630469924239508 0.000620898113333726 1.00000000
15094010 94.1498263888889 0.450411619216404 0.000295438177512287 1.78761995
15094011 94.1726967592592 0.471490870108976 0.000305624513224745 1.51885307
15094012 94.1947685185185 0.490532931519735 0.000321625411744901 1.28711522
15094013 94.2163194444444 0.507554604261457 0.000326857063529832 1.22382998
15094014 94.2381134259259 0.525956787740783 0.00032857545755047 1.15929198
15094015 94.2597337962963 0.555957505312948 0.000339634799398558 1.07607806
15094016 94.2821064814815 0.573330787960738 0.000345410995361189 1.01358020
15094017 94.3034953703704 0.573479456360189 0.000345440060023618 1.00000000
15094019 94.3258564814815 0.589204332165895 0.00034173115264147 1.00000000
15094020 94.3477777777778 0.606636098293414 0.000395636328502108 1.00000000
15094070 94.9364583333333 0.475830993456389 0.000319941883892092 1.00000000
15094071 94.9577199074074 0.494192687685038 0.000343543864804662 1.00000000
15094073 94.9839236111111 0.513632583310779 0.000323601518868185 1.00000000
15095001 95.006087962963 0.52576053981794 0.000596535640721058 1.00000000
15095016 95.3110763888889 0.48133585740849 0.000492633312499721 1.00000000
15095017 95.3245486111111 0.504279985896084 0.000335677277762547 1.00000000
15095018 95.3463194444445 0.520116615650636 0.000345943053026272 1.00000000
15095019 95.3678009259259 0.527282365686665 0.000320981974644699 1.00000000
15095020 95.3922685185185 0.54075469631745 0.000341313124761836 1.00000000
15095021 95.4153356481481 0.551321353585971 0.00034334312168506 1.00000000
15095022 95.4373032407407 0.568053060849813 0.000340813138094517 1.00000000
15095023 95.4601273148148 0.585500950921013 0.000353380483524448 1.00000000
15095024 95.4816898148148 0.590327044382646 0.000387440315283394 1.00000000
15095025 95.503599537037 0.606101274887964 0.000361407940853443 1.00000000
15095026 95.5252083333333 0.624321193145871 0.000360867064424835 1.00000000
15095027 95.5468171296296 0.642881518204032 0.00043050736440359 1.00000000
15095028 95.5624074074074 0.659559449349137 0.000440541042683055 1.00000000
15095046 95.7824305555556 0.458249035095043 0.00184691839916645 1.43584776
15095047 95.7837152777778 0.472924511319303 0.000483284542840764 1.39816952
15095048 95.7963310185185 0.466712606800706 0.000322862245257874 1.34308851
15095049 95.8171180555556 0.495739511577129 0.000348491375791481 1.28043807
15095050 95.838587962963 0.530366868852638 0.000359905836619645 1.00000000
15095051 95.8600115740741 0.525343125679858 0.000355707785231481 1.00000000
15095052 95.8832291666667 0.526473557343958 0.000635492160666001 1.00000000
15096018 96.2182291666667 0.457538047636023 0.000297556195847477 1.54726207
15096019 96.2405555555555 0.480092447204889 0.000335383029402603 1.00000000
15096020 96.2601388888889 0.490078551379969 0.000325253974516576 1.00000000
15096021 96.2816898148148 0.502908993700932 0.000326217765944742 1.00000000
15096022 96.3032060185185 0.513244678558373 0.000542086070100316 1.00000000
15096023 96.3119791666667 0.518628480703683 0.000544407966843337 1.00000000
15096024 96.3203703703704 0.533089144888008 0.000434003106379359 1.00000000
15096025 96.3340277777778 0.540410043491835 0.000463313101740028 1.00000000
15096026 96.3491898148148 0.556381249152989 0.000339714730864091 1.00000000
15096027 96.3709143518519 0.587718999500116 0.000385765654691533 1.00000000
15096028 96.3950578703704 0.606620994503996 0.000761965469273932 1.00000000
15096029 96.407662037037 0.601287602142029 0.000336481461323936 1.00000000
15096030 96.4305208333333 0.61723907837177 0.000333299054427899 1.00000000
15096031 96.4547106481481 0.629970412282257 0.000356045703599567 1.00000000
15096032 96.4764351851852 0.64557251704847 0.000461271269898614 1.00000000
15096050 96.81875 0.454482487175781 0.000510817814488044 1.45205188
15096059 96.9692708333333 0.451258683875214 0.000309039490651859 1.63995934
15096060 96.9893634259259 0.474923000434611 0.000402046477631497 1.37646091
15097005 97.0338194444445 0.53828623795383 0.000314196592609988 1.00000000
15097006 97.0579976851852 0.564842638847711 0.000336202933262614 1.00000000
15097007 97.0800115740741 0.572003303386333 0.00033081122340385 1.00000000
15097008 97.1040393518519 0.577904822583142 0.000339163260028086 1.00000000
15097009 97.1267708333333 0.578429261833552 0.000648734164444465 1.00000000
15097010 97.1336574074074 0.595279490650478 0.000344290493492468 1.00000000
15097011 97.1553472222222 0.612490701397483 0.000345796684186251 1.00000000
15097012 97.1773726851852 0.62764643537944 0.000348572368446253 1.00000000
15097013 97.1992476851852 0.641640399115891 0.000365810555445232 1.00000000
15097023 97.429375 0.505195257840106 0.000805894258632164 1.00000000
15097024 97.4344097222222 0.462157371442308 0.000265630258063093 1.92905891
15097025 97.4623958333333 0.454506302499786 0.000709176816990008 1.63225806
15097026 97.4676041666667 0.460140007225733 0.000497979659758038 1.49345183
15097027 97.4780439814815 0.461879616408397 0.000308464256252983 1.44101536
15097028 97.4996412037037 0.480691627887939 0.000317754930462631 1.00000000
15097029 97.521400462963 0.508473219653533 0.000332757626587238 1.00000000
