15153036 153.5675 1 1.49011610660689e-08 8951.25097656
15153037 153.589768518519 1 1.82501205895523e-08 8786.44628906
15153038 153.611493055556 1 4.08085097608947e-08 8217.00000000
15154007 154.119664351852 1 1.49011610940734e-08 7772.91650391
15154008 154.150428240741 1 3.33200088326e-08 8821.37304688
15154009 154.162476851852 1 1.82501205949468e-08 9050.31933594
15154010 154.1846875 1 1.8250120572015e-08 9013.13574219
15154011 154.205752314815 1 1.49011610705541e-08 8405.84179688
15155004 155.10474537037 1 4.82852797398117e-08 8212.88281250
15155005 155.113842592593 1 1.49011610674257e-08 8430.01074219
15155006 155.136446759259 1 1.05367120672075e-08 9062.80273438
15155007 155.168668981481 1 1.05367120669705e-08 8996.53613281
15155008 155.201180555556 1 1.82501205841546e-08 8135.99121094
15155009 155.223275462963 1 9.82799031470519e-08 7625.64160156
15156001 156.012210648148 1 1.05367120687833e-08 8689.10351562
15156002 156.046481481481 1 1.05367120679608e-08 9010.08105469
15156003 156.078761574074 1 1.05367120561347e-08 8464.67187500
15156004 156.109189814815 1 2.35608042942957e-08 7675.83984375
15156010 156.153425925926 1 2.10734240370457e-08 5168.70849609
15156011 156.181458333333 1 3.65002408245652e-08 5299.91503906
15156014 156.216053240741 1 2.98023219593351e-08 5181.19189453
15156039 156.871990740741 1 1.11510073495492e-07 9015.12695312
15156040 156.876516203704 1 1.82501205897378e-08 8665.46582031
15156041 156.898483796296 1 1.82501205969818e-08 9201.84472656
15156042 156.920185185185 1 1.49011610669699e-08 9579.52734375
15157004 157.080381944444 1 1.82501205769109e-08 8733.99023438
15157005 157.100474537037 1 2.63417768495878e-07 9146.86523438
15157006 157.107905092593 1 1.05367120662291e-08 9370.23535156
15157007 157.140393518518 1 2.10734240442769e-08 9426.94042969
15157009 157.161435185185 1 1.05367120554511e-08 8946.47070312
15157034 157.586041666667 1 3.79906551288982e-08 9540.75000000
15157039 157.610474537037 1 3.65002408288972e-08 7838.25390625
15157045 157.631458333333 1 1.8250120594885e-08 12012.42382812
15157046 157.654502314815 1 1.82501205795167e-08 8876.35156250
15157047 157.676006944444 1 1.49011610917203e-08 8134.00000000
15158024 158.182094907407 1 1.82501205937001e-08 8653.51367188
15158025 158.205358796296 1 1.05367120686279e-08 9118.31347656
15158026 158.238449074074 1 1.05367120648293e-08 9442.61132812
15158027 158.270613425926 1 1.49011610793249e-08 8814.20117188
15158057 158.778425925926 1 1.82501205928068e-08 8650.45898438
15158058 158.799907407407 1 1.82501205975685e-08 8681.53417969
15158059 158.822453703704 1 1.49011610680266e-08 9117.11816406
15158060 158.844479166667 1 1.82501205852535e-08 8948.19628906
15158061 158.86587962963 1 1.4901161079061e-08 8351.52539062
15159016 159.2725 1 1.49011610840555e-08 10074.34082031
15159017 159.298773148148 1 1.82501205944454e-08 11542.57714844
15159018 159.320243055556 1 1.49011610906011e-08 8831.59863281
15159019 159.347581018519 1 1.05367120561846e-08 8025.63525391
15159038 159.761828703704 1 1.30757150243993e-07 8483.52929688
15159039 159.769594907407 1 1.82501205883911e-08 8255.37890625
15159040 159.791157407407 1 1.49011610677181e-08 9121.50097656
15159041 159.812685185185 1 1.8250120584417e-08 9143.67773438
15159042 159.834016203704 1 1.49011610640062e-08 9011.01074219
15159043 159.855324074074 1 1.05367120520729e-08 8295.48437500
15159044 159.882986111111 1 3.16101358866366e-08 7498.41894531
15160027 160.497337962963 1 1.0536712064076e-08 8181.67480469
15160029 160.530173611111 1 1.82501205600276e-08 9188.69726562
15160030 160.54994212963 1 1.49011610758262e-08 9096.40136719
15160032 160.575243055556 1 2.10734240243195e-08 8595.08105469
15160050 160.983703703704 1 2.10734240488369e-08 8221.51464844
15161001 161.005902777778 1 1.82501205816454e-08 8725.35742188
15161002 161.027199074074 1 1.82501205702903e-08 9166.65234375
15161003 161.049016203704 1 1.8250120596267e-08 9183.11914062
15161004 161.071041666667 1 2.10734240450124e-08 8573.83398438
15161036 161.584502314815 1 1.8250120589539e-08 7734.53759766
15161037 161.606388888889 1 4.82852797443539e-08 8601.98632812
15161043 161.630046296296 1 6.74678745330214e-08 8863.73632812
15161048 161.651574074074 1 1.02699160904645e-07 5020.63671875
15161049 161.658229166667 1 1.36164319799152e-07 5189.55810547
15161053 161.674039351852 1 1.0536711572521e-07 4986.37402344
15161054 161.680462962963 1 4.94215593889489e-08 4680.00488281
15161055 161.692974537037 1 6.90938396478861e-08 5021.83154297
15161057 161.706076388889 1 2.58095679397542e-08 4895.80468750
15161058 161.727847222222 1 5.0532294884369e-08 5115.85449219
15162004 162.14306712963 1 1.49011610821279e-08 8465.33593750
15162005 162.165474537037 1 1.82501205785321e-08 8921.50390625
15162006 162.186585648148 1 3.49463200447092e-08 9307.81835938
15162010 162.235590277778 1 2.1073424052446e-08 8747.00488281
15162011 162.257488425926 1 1.49011610796677e-08 8876.75000000
15162012 162.281134259259 1 2.107342401466e-08 9204.76660156
15162013 162.302881944444 1 1.49011610740142e-08 9232.91992188
15162014 162.325960648148 1 2.58095679446421e-08 8704.77441406
15162041 162.759699074074 1 1.4901161060433e-08 8804.24121094
15162042 162.781493055556 1 2.1073424034861e-08 9210.74218750
15162043 162.803287037037 1 8.29661508111555e-08 9501.17578125
15162044 162.808460648148 1 1.82501205793312e-08 9472.88867188
15162045 162.829861111111 1 1.82501205822405e-08 9061.07617188
15162046 162.851527777778 1 3.49463200521235e-08 8805.17089844
15163017 163.253078703704 1 1.49011610693279e-08 9019.37695312
15163018 163.27724537037 1 2.10734240349875e-08 9312.99804688
15163019 163.298425925926 1 2.35608043154636e-08 9686.96289062
15163020 163.320335648148 1 2.1073424045282e-08 9436.36914062
15163021 163.343587962963 1 2.10734240119165e-08 8864.26757812
15163048 163.75224537037 1 1.82501205844055e-08 7639.05371094
15163049 163.773703703704 1 1.49011610942019e-08 8935.31445312
15163050 163.802708333333 1 8.42936934722833e-08 9408.87988281
15163051 163.808055555556 1 1.82501205951719e-08 9283.25097656
15163052 163.829861111111 1 1.49011610664589e-08 8840.22949219
15163053 163.851168981481 1 6.74678745213155e-08 8039.84472656
15164023 164.362777777778 1 1.82501205691081e-08 6695.90869141
15164024 164.385069444444 1 2.9802321943362e-08 7977.16308594
15164028 164.408194444444 1 4.34439760947316e-08 8944.61132812
15164029 164.421087962963 1 2.76157783313963e-05 9052.04589844
15164030 164.422083333333 1 2.10734240570102e-08 9022.69726562
15164032 164.446585648148 1 2.9802321960001e-08 8615.40039062
15164060 164.809537037037 1 1.82501205956264e-08 8597.20605469
15164061 164.830833333333 1 1.56284684877258e-07 9347.52539062
15164062 164.837800925926 1 2.10734240607821e-08 9521.09570312
15164063 164.856574074074 1 8.02452056397948e-08 9867.43847656
15164064 164.861400462963 1 4.34439761116928e-08 9725.74023438
15164065 164.87125 1 1.82501205775702e-08 9660.13769531
15164066 164.892766203704 1 2.1073424013158e-08 9099.85351562
15165007 165.092430555556 1 1.20598175240164e-07 5856.47949219
15165008 165.099699074074 1 4.34439761026612e-08 5699.37744141
15165009 165.116215277778 1 5.9604642976085e-08 5233.24902344
15165021 165.339780092593 1 1.82501205960181e-08 11605.72363281
15165022 165.361979166667 1 2.10734240202721e-08 13012.99121094
15165023 165.388587962963 1 1.49011610741035e-08 13068.86132812
15165024 165.410949074074 1 1.49011610701539e-08 12406.61328125
15165025 165.433391203704 1 2.78775195501477e-08 11153.35351562
15165049 165.839664351852 1 1.82501205841388e-08 8915.39453125
15165050 165.861666666667 1 2.10734240346932e-08 9553.76367188
15165051 165.882268518519 1 8.16170178399963e-08 9874.87500000
15165052 165.888171296296 1 1.30331922648455e-07 9905.68457031
15165053 165.893217592593 1 2.58095679434666e-08 9763.85351562
15165054 165.91193287037 1 1.4901161069901e-08 9341.28417969
15165055 165.93994212963 1 1.6792754416793e-07 8643.41992188
15166013 166.194421296296 1 6.58017439778786e-08 3931.94213867
15166023 166.337106481481 1 3.65002408326834e-08 7384.74218750
15166024 166.348055555556 1 1.82501206033866e-08 8120.85253906
15166025 166.36994212963 1 2.98023219523264e-08 8855.50195312
15166026 166.386041666667 1 2.10734240434118e-08 8945.67382812
15166027 166.4078125 1 2.58095679398052e-08 8779.14257812
15166028 166.423009259259 1 1.82501205927127e-08 8476.09179688
15167001 167.019571759259 1 1.82501205844349e-08 8029.88427734
15167002 167.041238425926 1 2.78775195544573e-08 8859.22070312
15167006 167.083993055556 1 2.10734240501143e-08 8848.99414062
15167007 167.104247685185 1 2.78775195323292e-08 8459.49218750
