15153036 153.5675 2.14154201432413 9.70279273812333e-06 17929.46484375
15153037 153.589768518519 2.11549693959668 1.01403197420946e-05 17599.35742188
15153038 153.611493055556 2.09961727819418 1.57613479732967e-05 16458.75000000
15154007 154.119664351852 2.09682618178175 9.05920125789939e-06 15569.24707031
15154008 154.150428240741 2.12886813247087 1.35497892307157e-05 17669.31640625
15154009 154.162476851852 2.13165597097659 9.77247945926286e-06 18127.90039062
15154010 154.1846875 2.11832455046869 1.06395772901611e-05 18053.41992188
15154011 154.205752314815 2.07126814402611 1.03912274511825e-05 16837.00390625
15155004 155.10474537037 2.11553448071173 1.67591622239809e-05 16450.50390625
15155005 155.113842592593 2.13827492985571 9.69382788622333e-06 16885.41406250
15155006 155.136446759259 2.15096814886699 7.85225084121693e-06 18152.90429688
15155007 155.168668981481 2.12772207144808 8.09111833327376e-06 18020.16992188
15155008 155.201180555556 2.09264521309874 1.06003076981625e-05 16296.49023438
15155009 155.223275462963 1.96143974777782 2.91511999175648e-05 15274.25292969
15156001 156.012210648148 2.14398539361816 7.81444062004204e-06 17404.38085938
15156002 156.046481481481 2.13591082174766 7.94693095911027e-06 18047.30273438
15156003 156.078761574074 2.09945656561861 9.08622698918036e-06 16954.83984375
15156004 156.109189814815 2.0295216362673 1.32127879370573e-05 15374.79980469
15156010 156.153425925926 1.94693355032779 1.35775355584258e-05 10352.98632812
15156011 156.181458333333 1.95604664299507 1.79374003930233e-05 10615.79492188
15156014 156.216053240741 1.95620756491055 1.58107916179242e-05 10377.99023438
15156039 156.871990740741 2.11993003462054 2.53858726910185e-05 18057.41015625
15156040 156.876516203704 2.13794305625195 9.8611218555221e-06 17357.03320312
15156041 156.898483796296 2.16324944972391 9.34818606611739e-06 18431.40625000
15156042 156.920185185185 2.16376728404858 9.41636269817257e-06 19187.91015625
15157004 157.080381944444 2.13409100953427 1.0294761499223e-05 17494.28906250
15157005 157.100474537037 2.15066616485647 3.76176748092422e-05 18321.28320312
15157006 157.107905092593 2.16177825390172 7.81064131817524e-06 18768.69531250
15157007 157.140393518518 2.15228469533089 1.03534545932147e-05 18882.27734375
15157009 157.161435185185 2.09916424559724 9.17450743912632e-06 17919.88867188
15157034 157.586041666667 2.03607293847842 1.64499281344703e-05 19110.23828125
15157039 157.610474537037 2.10395778310773 1.48680069615293e-05 15700.11914062
15157045 157.631458333333 2.13740570347318 9.70326285780868e-06 24061.03125000
15157046 157.654502314815 2.11562478011471 1.04402977406452e-05 17779.44140625
15157047 157.676006944444 2.0613674089636 9.57746969985653e-06 16292.50000000
15158024 158.182094907407 2.12830771834898 9.85423464317775e-06 17333.09179688
15158025 158.205358796296 2.1580542744721 7.69278847392415e-06 18264.09179688
15158026 158.238449074074 2.14916633662966 8.01928484517314e-06 18913.66406250
15158027 158.270613425926 2.09861832021365 9.68883290009733e-06 17654.95312500
15158057 158.778425925926 2.10703660074904 1.0140979766041e-05 17326.97460938
15158058 158.799907407407 2.13978322139519 9.59381437462421e-06 17389.21875000
15158059 158.822453703704 2.14308249653839 9.61373302440013e-06 18261.69921875
15158060 158.844479166667 2.12868383888088 1.01116416801995e-05 17923.34765625
15158061 158.86587962963 2.08478569327994 9.89973925686125e-06 16728.20703125
15159016 159.2725 2.09848188294668 9.48071476043233e-06 20179.02734375
15159017 159.298773148148 2.12776274785518 9.8373140325675e-06 23119.92382812
15159018 159.320243055556 2.11035816082652 9.06225241850327e-06 17689.79882812
15159019 159.347581018519 2.07345676525089 9.38029604049986e-06 16075.44335938
15159038 159.761828703704 2.09293965691831 2.84622517274546e-05 16992.61328125
15159039 159.769594907407 2.12800923430127 1.00183456591783e-05 16535.62500000
15159040 159.791157407407 2.14921686463982 9.55278937935469e-06 18270.47656250
15159041 159.812685185185 2.14680602184737 9.90983946224394e-06 18314.89843750
15159042 159.834016203704 2.12502524086237 9.97759797502323e-06 18049.16406250
15159043 159.855324074074 2.0854223116433 9.50666071516502e-06 16615.95703125
15159044 159.882986111111 2.02941355292864 1.50781428761275e-05 15019.42480469
15160027 160.497337962963 2.13215427354061 8.25018830246029e-06 16387.99414062
15160029 160.530173611111 2.14928938158238 1.05773995042964e-05 18405.07226562
15160030 160.54994212963 2.13720628304805 9.36384755262449e-06 18220.20312500
15160032 160.575243055556 2.10767342368172 1.14248656805177e-05 17216.05273438
15160050 160.983703703704 2.1088070190761 1.07958030727186e-05 16467.79492188
15161001 161.005902777778 2.14195257501386 1.00475369606945e-05 17476.99804688
15161002 161.027199074074 2.14959035058629 1.02903742169405e-05 18360.91796875
15161003 161.049016203704 2.13579290798617 9.67174014128539e-06 18393.90039062
15161004 161.071041666667 2.08564029998367 1.12838950643346e-05 17173.49218750
15161036 161.584502314815 2.09964802134674 1.03413260392035e-05 15492.37207031
15161037 161.606388888889 2.12653524289682 1.65363253503129e-05 17229.88476562
15161043 161.630046296296 2.13431666222361 1.93814602563309e-05 17754.16992188
15161048 161.651574074074 1.92821416928923 3.0994459650302e-05 10056.39648438
15161049 161.658229166667 1.9667414108403 3.39561301164925e-05 10394.74804688
15161053 161.674039351852 1.9253262948314 3.14852906001695e-05 9987.76757812
15161054 161.680462962963 1.93991395287205 2.12501932244031e-05 9374.10644531
15161055 161.692974537037 1.94653061154488 2.47572002279485e-05 10058.79101562
15161057 161.706076388889 1.94547589020556 1.53348016790284e-05 9806.35644531
15161058 161.727847222222 1.94350588764844 2.14096196833065e-05 10247.11816406
15162004 162.14306712963 1.92535067755108 1.18701504812855e-05 16956.16992188
15162005 162.165474537037 2.14673988198155 1.0086819656528e-05 17869.88085938
15162006 162.186585648148 2.15241928816943 1.3627460228312e-05 18643.67578125
15162010 162.235590277778 2.11608635854065 1.06143009295802e-05 17520.35546875
15162011 162.257488425926 2.14876904163087 9.09417581163394e-06 17780.23828125
15162012 162.281134259259 2.15619993704948 1.09932486055681e-05 18437.25976562
15162013 162.302881944444 2.14053925535238 9.40785499124924e-06 18493.65039062
15162014 162.325960648148 2.06832500101086 1.32612134414911e-05 17435.76953125
15162041 162.759699074074 2.13736404126527 9.98390601020552e-06 17635.00390625
15162042 162.781493055556 2.16457128140048 1.04265177210561e-05 18449.22851562
15162043 162.803287037037 2.17061614028388 2.06469326672202e-05 19030.97070312
15162044 162.808460648148 2.16423920491225 9.86127573028358e-06 18974.31250000
15162045 162.829861111111 2.14710362822313 9.9830550526104e-06 18149.44726562
15162046 162.851527777778 2.13267663218925 1.38783135325666e-05 17636.86328125
15163017 163.253078703704 2.14482862308875 9.55175421979833e-06 18065.92187500
15163018 163.27724537037 2.17117277712617 1.03456140237581e-05 18654.04882812
15163019 163.298425925926 2.17539576184331 1.05945463184106e-05 19403.10546875
15163020 163.320335648148 2.15832796771368 1.02582400423613e-05 18901.16210938
15163021 163.343587962963 2.10723023641437 1.17771389942009e-05 17755.23437500
15163048 163.75224537037 2.10488796286029 1.04443162974851e-05 15301.11914062
15163049 163.773703703704 2.154513513325 8.43767289880497e-06 17897.54492188
15163050 163.802708333333 2.16150157978938 2.1002237638598e-05 18846.09960938
15163051 163.808055555556 2.14948693598983 9.56190404146196e-06 18594.46484375
15163052 163.829861111111 2.11273052919599 1.00391100892923e-05 17707.08984375
15163053 163.851168981481 2.09218553604692 2.04907273831065e-05 16103.90625000
15164023 164.362777777778 2.06900091737158 1.14159193898652e-05 13411.98632812
15164024 164.385069444444 2.11721208948958 1.31821765755996e-05 15978.35449219
15164028 164.408194444444 2.14408406059375 1.54788271314886e-05 17916.16406250
15164029 164.421087962963 2.98418796071919 0.000157194040827067 18131.35742188
15164030 164.422083333333 2.13734295885133 1.02219448868394e-05 18072.57226562
15164032 164.446585648148 2.10398921333222 1.31636613250636e-05 17256.75000000
15164060 164.809537037037 2.14198300944383 9.63484734767641e-06 17220.30859375
15164061 164.830833333333 2.16508894237116 2.84854161843093e-05 18723.20898438
15164062 164.837800925926 2.17934652130009 9.62905412468757e-06 19070.87109375
15164063 164.856574074074 2.18139955071181 1.99874487064696e-05 19764.59765625
15164064 164.861400462963 2.17816985570548 1.47309922799136e-05 19480.77734375
15164065 164.87125 2.1650920052095 9.90684199933954e-06 19349.37109375
15164066 164.892766203704 2.1364413982896 1.13047036268163e-05 18227.11914062
15165007 165.092430555556 1.91802657262248 3.3922961116579e-05 11730.59960938
15165008 165.099699074074 1.90954229703272 2.06574923514269e-05 11415.92285156
15165009 165.116215277778 1.89655459454101 2.47303624996473e-05 10482.26269531
15165021 165.339780092593 2.14289614985538 9.6185862070628e-06 23246.40625000
15165022 165.361979166667 2.16625551951603 1.07483157195621e-05 26065.18164062
15165023 165.388587962963 2.15387890963897 9.25776830912391e-06 26177.08789062
15165024 165.410949074074 2.12137892249429 9.78501788785115e-06 24850.59765625
15165025 165.433391203704 2.00880980021775 1.43692217242492e-05 22340.30273438
15165049 165.839664351852 2.15227442222976 9.87685244692103e-06 17857.64453125
15165050 165.861666666667 2.17982618709974 1.0240604143646e-05 19136.30664062
15165051 165.882268518519 2.18758701215416 2.00930078898317e-05 19779.49609375
15165052 165.888171296296 2.18102685723696 2.54842092091595e-05 19841.20703125
15165053 165.893217592593 2.16288240276399 1.17231244856381e-05 19557.11914062
15165054 165.91193287037 2.14399536940891 9.52989579748041e-06 18710.70703125
15165055 165.93994212963 2.12309627606625 3.10382359778858e-05 17312.87695312
15166013 166.194421296296 1.86963744470045 2.67507116548469e-05 7875.72802734
15166023 166.337106481481 2.08341661035994 1.52004458354707e-05 14791.72851562
15166024 166.348055555556 2.12255062301359 9.61088042084782e-06 16266.16699219
15166025 166.36994212963 2.14126524306234 1.26643568778345e-05 17737.67773438
15166026 166.386041666667 2.13786568512444 1.05535673726006e-05 17918.29296875
15166027 166.4078125 2.12569413148087 1.22546568267461e-05 17584.72851562
15166028 166.423009259259 2.09482101712667 1.02916440434357e-05 16977.71679688
15167001 167.019571759259 2.11865683909407 1.02672688560239e-05 16083.95605469
15167002 167.041238425926 2.14504939895498 1.20620343407218e-05 17745.12695312
15167006 167.083993055556 2.12355531249774 1.05606645376724e-05 17724.64453125
15167007 167.104247685185 2.10314336971818 1.30570555777127e-05 16944.46679688
