15153036 153.5675 0.379335361031735 6.35478093180825e-05 1190.80395508
15153037 153.589768518519 0.366259714917265 6.38676107074908e-05 1168.87951660
15153038 153.611493055556 0.358350041252136 9.69153326953489e-05 1093.12500000
15154007 154.119664351852 0.453429602073906 5.74625250739638e-05 1034.04760742
15154008 154.150428240741 0.401801874991665 8.83011947431509e-05 1173.52587891
15154009 154.162476851852 0.381764861285504 6.3304557673069e-05 1203.98327637
15154010 154.1846875 0.367285841667009 6.73062233692479e-05 1199.03662109
15154011 154.205752314815 0.353868518585051 6.15162850492294e-05 1118.24682617
15155004 155.10474537037 0.459904251846755 0.000109474733654717 1092.57727051
15155005 155.113842592593 0.419470522888114 6.42269809487145e-05 1121.46228027
15155006 155.136446759259 0.38166264255575 5.20748807604665e-05 1205.64392090
15155007 155.168668981481 0.361941507220207 5.15960727525691e-05 1196.82824707
15155008 155.201180555556 0.356971079809886 6.45787169213142e-05 1082.34826660
15155009 155.223275462963 0.308899389670009 0.000145183312964655 1014.45526123
15156001 156.012210648148 0.378320870808902 5.12781152949033e-05 1155.92993164
15156002 156.046481481481 0.362439865620147 5.11893975242734e-05 1198.63024902
15156003 156.078761574074 0.355749022881372 5.57974022632879e-05 1126.07336426
15156004 156.109189814815 0.338316149962107 7.33993801313523e-05 1021.13323975
15156010 156.153425925926 0.329157693175811 6.76352595827513e-05 687.60430908
15156011 156.181458333333 0.347304475322543 9.1559870820846e-05 705.05895996
15156014 156.216053240741 0.358078133062436 8.12765956595692e-05 689.26495361
15156039 156.871990740741 0.479322925364428 0.000166657814853967 1199.30151367
15156040 156.876516203704 0.439538064189382 6.57194071564386e-05 1152.78527832
15156041 156.898483796296 0.396005898009663 6.32804628545455e-05 1224.14086914
15156042 156.920185185185 0.3724445713021 6.30888693531403e-05 1274.38488770
15157004 157.080381944444 0.4559017249509 6.86058759820108e-05 1161.90124512
15157005 157.100474537037 0.424441971965233 0.000253695287542094 1216.82690430
15157006 157.107905092593 0.389134373349253 5.264312411375e-05 1246.54235840
15157007 157.140393518518 0.363321132171808 6.80973907438163e-05 1254.08593750
15157009 157.161435185185 0.347486581311651 5.58800750883835e-05 1190.16796875
15157034 157.586041666667 0.416484742192647 9.61401342493898e-05 1269.22631836
15157039 157.610474537037 0.390432932227102 9.34976062709454e-05 1042.73962402
15157045 157.631458333333 0.37301897084635 6.30289294384468e-05 1598.03833008
15157046 157.654502314815 0.365340729849673 6.57957483532854e-05 1180.83996582
15157047 157.676006944444 0.356888156206494 5.61304670228969e-05 1082.08325195
15158024 158.182094907407 0.448773905837427 6.50025885099188e-05 1151.19531250
15158025 158.205358796296 0.391632140098905 5.16559465215476e-05 1213.02868652
15158026 158.238449074074 0.364880033461344 5.25885479732154e-05 1256.17053223
15158027 158.270613425926 0.350503296256988 5.91727266389828e-05 1172.57189941
15158057 158.778425925926 0.464720561106552 6.54328412121112e-05 1150.78894043
15158058 158.799907407407 0.408470338824682 6.34945431595742e-05 1154.92297363
15158059 158.822453703704 0.379952825651562 6.30487985496794e-05 1212.86962891
15158060 158.844479166667 0.365826634333279 6.47124203903968e-05 1190.39770508
15158061 158.86587962963 0.351493911079144 5.93965818515719e-05 1111.02124023
15159016 159.2725 0.447623683910241 6.0295057731414e-05 1340.21093750
15159017 159.298773148148 0.396707304905071 6.38333865077335e-05 1535.53356934
15159018 159.320243055556 0.373594303461966 5.69601164480279e-05 1174.88635254
15159019 159.347581018519 0.361993707272834 5.59972612238828e-05 1067.66723633
15159038 159.761828703704 0.493684624314826 0.00017986512605782 1128.58190918
15159039 159.769594907407 0.438626158281274 6.60102707893381e-05 1098.23059082
15159040 159.791157407407 0.394281761396733 6.3558991328672e-05 1213.45263672
15159041 159.812685185185 0.375392070917569 6.52226426091925e-05 1216.40295410
15159042 159.834016203704 0.363790798882944 6.34978328215929e-05 1198.75390625
15159043 159.855324074074 0.358930813672493 5.74780349028454e-05 1103.56591797
15159044 159.882986111111 0.348039518244009 8.444716866101e-05 997.53057861
15160027 160.497337962963 0.43323538794242 5.42528198477295e-05 1088.42553711
15160029 160.530173611111 0.381612836850461 7.00470331678837e-05 1222.39196777
15160030 160.54994212963 0.369124232457219 6.07067063117113e-05 1210.11352539
15160032 160.575243055556 0.358381299986909 7.10116567518658e-05 1143.42187500
15160050 160.983703703704 0.460681785617025 6.9643855954891e-05 1093.72570801
15161001 161.005902777778 0.407810303332441 6.67187780479523e-05 1160.75305176
15161002 161.027199074074 0.380708581360749 6.8096679689645e-05 1219.45922852
15161003 161.049016203704 0.366435659452392 6.25138196464531e-05 1221.64990234
15161004 161.071041666667 0.351169021443775 6.76874728408818e-05 1140.59533691
15161036 161.584502314815 0.458215703059809 6.59749337505453e-05 1028.94189453
15161037 161.606388888889 0.417532883720741 0.000107640124415599 1144.34057617
15161043 161.630046296296 0.386656617956314 0.000126261514326775 1179.16162109
15161048 161.651574074074 0.288259080887764 0.000145257395600632 667.90600586
15161049 161.658229166667 0.302953441910182 0.000169669896313028 690.37799072
15161053 161.674039351852 0.282815662546395 0.000146218420720796 663.34796143
15161054 161.680462962963 0.290351754908087 0.000101322938838196 622.59094238
15161055 161.692974537037 0.297688596773747 0.000119997076103161 668.06500244
15161057 161.706076388889 0.302775765765307 7.4539673597357e-05 651.29925537
15161058 161.727847222222 0.308915686845406 0.000104382136477193 680.57299805
15162004 162.14306712963 0.394381381942147 5.98381755883292e-05 1126.16162109
15162005 162.165474537037 0.405465135374358 6.72854946208944e-05 1186.84655762
15162006 162.186585648148 0.383206169466096 9.05807876816569e-05 1238.23889160
15162010 162.235590277778 0.45950784386278 6.90038921820439e-05 1163.63256836
15162011 162.257488425926 0.404092341212739 6.07021771643734e-05 1180.89294434
15162012 162.281134259259 0.375979158877084 7.31349179737071e-05 1224.52954102
15162013 162.302881944444 0.362617045194304 6.09740399920492e-05 1228.27490234
15162014 162.325960648148 0.338854939422186 7.67884705605327e-05 1158.01452637
15162041 162.759699074074 0.451284247440827 6.63399724234463e-05 1171.24682617
15162042 162.781493055556 0.401478606762534 7.09296078012206e-05 1225.32458496
15162043 162.803287037037 0.383221034421417 0.000140145724855521 1263.96154785
15162044 162.808460648148 0.373469731955053 6.61547471902071e-05 1260.19860840
15162045 162.829861111111 0.361418092510572 6.51410609123699e-05 1205.41430664
15162046 162.851527777778 0.355708281194443 8.86715852595754e-05 1171.37060547
15163017 163.253078703704 0.449969239843306 6.41088231265048e-05 1199.86694336
15163018 163.27724537037 0.400275537191413 7.08229423945056e-05 1238.92797852
15163019 163.298425925926 0.377182374197331 7.21596639651658e-05 1288.67724609
15163020 163.320335648148 0.363989603141326 6.79593497278115e-05 1255.34020996
15163021 163.343587962963 0.35056193031506 7.26363669459616e-05 1179.23229980
15163048 163.75224537037 0.417279901224662 6.64071889107342e-05 1016.23956299
15163049 163.773703703704 0.408014182132442 5.68270742051856e-05 1188.68395996
15163050 163.802708333333 0.397634029267731 0.000142031771002129 1251.68322754
15163051 163.808055555556 0.393571703131186 6.36261031808831e-05 1234.97058105
15163052 163.829861111111 0.390918710761086 6.37918504125216e-05 1176.03466797
15163053 163.851168981481 0.390530363858495 0.000127033223526925 1069.55761719
15164023 164.362777777778 0.457543662293533 6.99586373571848e-05 890.77093506
15164024 164.385069444444 0.419450850601242 8.51697102431585e-05 1061.21899414
15164028 164.408194444444 0.410689071128525 0.000103116473877945 1189.92053223
15164029 164.421087962963 0.463706656302905 0.00261058580375837 1204.21289062
15164030 164.422083333333 0.402016871141096 6.72930157936857e-05 1200.30859375
15164032 164.446585648148 0.390325765033936 8.26762698782673e-05 1146.12500000
15164060 164.809537037037 0.468795673610694 6.48589068196102e-05 1143.70458984
15164061 164.830833333333 0.446479858680765 0.000195688564802693 1243.52124023
15164062 164.837800925926 0.43028171061885 6.727059527832e-05 1266.61157227
15164063 164.856574074074 0.419181808361725 0.000139478585817632 1312.68615723
15164064 164.861400462963 0.414060068591323 0.00010229928643019 1293.83593750
15164065 164.87125 0.402704869448853 6.74127477852976e-05 1285.10864258
15164066 164.892766203704 0.397450553427625 7.41990856698987e-05 1210.57287598
15165007 165.092430555556 0.411262597806147 0.000170707624962326 779.09991455
15165008 165.099699074074 0.498625020352969 0.000104353019022823 758.20025635
15165009 165.116215277778 0.507297032984027 0.000122804246632104 696.19030762
15165021 165.339780092593 0.470466196653799 6.47189559720219e-05 1543.93408203
15165022 165.361979166667 0.435174123207903 7.40433145685004e-05 1731.14599609
15165023 165.388587962963 0.409778017499174 6.23441838417388e-05 1738.57836914
15165024 165.410949074074 0.40197170896398 6.31664177760929e-05 1650.47814941
15165025 165.433391203704 0.394149407605878 8.02916059828714e-05 1483.75439453
15165049 165.839664351852 0.461556752625425 6.70574949472088e-05 1186.03393555
15165050 165.861666666667 0.42955102817165 7.16568765888032e-05 1270.95751953
15165051 165.882268518519 0.415821275677263 0.000141162662206269 1313.67565918
15165052 165.888171296296 0.410987390179917 0.000177575789959279 1317.77416992
15165053 165.893217592593 0.411297737497455 7.89019406776575e-05 1298.90625000
15165054 165.91193287037 0.398082932213153 6.31223905077759e-05 1242.69091797
15165055 165.93994212963 0.391360272396456 0.00019998811713521 1149.85266113
15166013 166.194421296296 0.527343389983705 0.000128185543928405 523.07464600
15166023 166.337106481481 0.50194238919468 9.55842904317701e-05 982.40795898
15166024 166.348055555556 0.462170139433297 6.31714137823555e-05 1080.33422852
15166025 166.36994212963 0.436133202337121 8.47236816686877e-05 1178.06628418
15166026 166.386041666667 0.417920604818497 6.9969966119587e-05 1190.06201172
15166027 166.4078125 0.408894200495373 7.9754391800898e-05 1167.90795898
15166028 166.423009259259 0.400066588072172 6.42929070261957e-05 1127.59252930
15167001 167.019571759259 0.469830849697681 6.7123643551482e-05 1068.23266602
15167002 167.041238425926 0.438658437314859 8.08117060439878e-05 1178.56091309
15167006 167.083993055556 0.403715231043283 6.84541210585233e-05 1177.20068359
15167007 167.104247685185 0.392105274336033 8.20683149718666e-05 1125.38427734
