15143032 143.543206018519 0.705658374058421 0.000950401267912664 1.00000000
15143033 143.565393518519 0.685337871007805 0.000953194171127364 1.00000000
15143034 143.587256944444 0.704244182090874 0.000937743401183463 1.00000000
15143035 143.610393518519 0.72012355126114 0.000926776748518541 1.00000000
15143036 143.6321875 0.71996178388958 0.00127058711701507 1.00000000
15143037 143.644398148148 0.661045769288687 0.000886634660867326 1.00000000
15143038 143.666550925926 0.728352954334441 0.00114101878266607 1.00000000
15143039 143.6821875 0.693214050175471 0.000839686458341367 1.00000000
15143040 143.707013888889 0.709420778566072 0.000748646053355951 1.00000000
15143041 143.738912037037 0.341867104005325 0.000358444450876936 1.00000000
15144004 144.057685185185 0.696188222066422 0.00402392443543904 1.00000000
15144005 144.059722222222 0.707761836191073 0.00094764033173934 1.00000000
15144006 144.082662037037 0.702567082882887 0.000922885216970385 1.00000000
15144007 144.104513888889 0.721901504286343 0.0009407369581642 1.00000000
15144008 144.126666666667 0.680105737165609 0.000923763316597898 1.00000000
15144009 144.148715277778 0.737008967516545 0.000942462638999872 1.00000000
15144010 144.170509259259 0.691977342012338 0.00091648972628053 1.00000000
15144011 144.192314814815 0.726765874571111 0.000940229464059901 1.00000000
15144012 144.214444444444 0.692037386069156 0.000905278261299403 1.00000000
15144013 144.236423611111 0.715365394427338 0.000910837780931977 1.00000000
15144014 144.258263888889 0.729437437571243 0.000922314562253811 1.00000000
15144015 144.280162037037 0.712101276383971 0.000911240336410192 1.00000000
15144017 144.303321759259 0.72053281185935 0.00109910831172401 1.00000000
15144018 144.318368055556 0.729299351059318 0.00157887807141792 1.00000000
15144039 144.511678240741 0.727589126454331 0.000988185520467555 1.00000000
15144040 144.532314814815 0.721983139882625 0.00112087171123938 1.00000000
15144043 144.550902777778 0.721766110604783 0.00105828452397954 1.00000000
15144044 144.569918981481 0.713148829495085 0.000992886199974764 1.00000000
15144046 144.5921875 0.690108892058097 0.000441464193555177 1.00000000
15144047 144.612962962963 0.70691228812077 0.000921721732177767 1.00000000
15144049 144.636284722222 0.732005845011459 0.000817842852200856 1.00000000
15144052 144.6659375 0.691346401895222 0.000819375794865024 1.00000000
15144054 144.694386574074 0.719478736815904 0.000773014326469818 1.00000000
15144055 144.724583333333 0.730816104276571 0.000833651796164431 1.00000000
15144056 144.750891203704 0.745539430156383 0.000555101013449058 1.00000000
15144058 144.762361111111 0.729234196372316 0.000969895737927341 1.00000000
15144060 144.782314814815 0.766259241717408 0.00119602864492592 1.00000000
15144070 144.9646875 0.711772757534976 0.000432023209633748 1.00000000
15145009 145.16443287037 0.68195960695326 0.000409786857709148 1.00000000
15145010 145.186585648148 0.699513726272222 0.00045328948944619 1.00000000
15145012 145.209675925926 0.663442981783188 0.00051664338156733 1.00000000
15145013 145.225949074074 0.672105345282071 0.000421355775987478 1.00000000
15145014 145.248043981481 0.705149129765791 0.000451431615062699 1.00000000
15145015 145.267569444444 0.698931922029623 0.00100120886665612 1.00000000
15145016 145.275555555556 0.6908108753549 0.000645218617580739 1.00000000
15145017 145.285775462963 0.720230149805335 0.000397296219783139 1.00000000
15145018 145.310069444444 0.679645308012756 0.000397734684972866 1.00000000
15145019 145.332210648148 0.721312536409557 0.000385128553380872 1.00000000
15145020 145.354756944444 0.716330572362074 0.000384903267059359 1.00000000
15145021 145.376921296296 0.650451885189183 0.00404856004310313 1.00000000
15145022 145.378310185185 0.718793061375597 0.000379691526986359 1.00000000
15145023 145.40068287037 0.658544150928993 0.000394708650111329 1.00000000
15145024 145.422858796296 0.729676520849182 0.000377187641576298 1.00000000
15145037 145.607800925926 0.69918552338413 0.000396071180323627 140.81550598
15145038 145.634398148148 0.712973532128768 0.000562103403738976 13.18484974
15145039 145.650717592593 0.719346004358483 0.00132473158805113 1.44816005
15146001 146.008958333333 0.688239452226601 0.000480740220438 13.45400047
15146002 146.03099537037 0.646010013347401 0.000485500390947686 14.05040073
15146003 146.053009259259 0.637988832409677 0.00250417875027848 13.36545086
15146004 146.054837962963 0.692250304861256 0.000719122330696676 13.36790085
15146006 146.069201388889 0.731798642767797 0.000460161809251012 13.71579933
15146008 146.092523148148 0.694537642484114 0.000463419660526057 13.39519978
15146009 146.114641203704 0.708711794290773 0.00045514735203529 13.56389999
15146010 146.136782407407 0.713385198157175 0.000806453822588765 12.23285007
15146013 146.148356481481 0.691739422246878 0.000463338030183144 12.52824974
15146017 146.187766203704 0.716901840081714 0.000458230590343588 11.17060089
15146020 146.217199074074 0.724534039944231 0.000462363139936523 10.61025047
15146023 146.244560185185 0.708408285675273 0.000474464252998872 9.66804981
15146025 146.269085648148 0.748730188445678 0.000441752332302077 9.00549984
15146026 146.295555555556 0.769409909706085 0.00138621932168482 8.56029987
15146049 146.573090277778 0.680857686391653 0.000560629549923428 13.51035023
15146050 146.590243055556 0.711848939937038 0.000488981625043252 13.14004993
15146051 146.610474537037 0.729833448320839 0.000466130684719707 12.82084942
15146052 146.632766203704 0.733471015155386 0.000418229797779455 14.01609993
15146054 146.659293981481 0.708965274429059 0.000787489174848331 13.96045017
15146055 146.6675 0.72966628126384 0.000363095000504466 13.71930027
15146056 146.69943287037 0.70393253217094 0.00167703855538396 13.09069920
15146057 146.702013888889 0.710940529160703 0.000378809372706578 12.92829990
15146058 146.733090277778 0.722566303568994 0.000552822836090954 12.14464951
15146059 146.749756944444 0.7018386355079 0.000386417861000203 11.55770016
15146060 146.78056712963 0.713730320041608 0.000373996944530185 10.56474972
15146061 146.813865740741 0.729438432660906 0.000442282253260213 9.60120010
15146062 146.83818287037 0.764352013559425 0.00257082199180463 8.92080021
15147001 147.008865740741 0.699286461231016 0.000469635121627511 12.50550079
15147002 147.031365740741 0.702599061741159 0.000411882768812322 14.08050060
15147003 147.059652777778 0.724251958914137 0.000381049302395791 13.50370026
15147004 147.092488425926 0.725454438274321 0.000660212137716575 14.07139969
15147005 147.104375 0.648629528504982 0.000600762450220735 13.52190018
15147006 147.11625 0.705606823458121 0.000387105278914757 13.07250023
15147007 147.148784722222 0.712062285975881 0.000399549384789607 13.91459942
15147008 147.176006944444 0.720133224140253 0.000366484377366219 12.70954990
15147009 147.209363425926 0.761410134376588 0.000441932226711484 11.73690033
15147010 147.233333333333 0.717017269084823 0.000492564932758713 11.12440109
15147011 147.252858796296 0.711554632229622 0.000461636036905816 10.49300003
15147012 147.275532407407 0.74513842729924 0.000459360584218027 9.90744972
15147013 147.2984375 0.731691135171506 0.000453757892163157 9.56830025
15147014 147.322905092593 0.71563138334049 0.000586436045206934 9.22914982
15147015 147.338981481481 0.683947787540687 0.000434711027020277 8.66984940
15147027 147.540462962963 0.668787623689074 0.000472106734326007 14.25199986
15147028 147.563599537037 0.739156362792279 0.000462593167497713 14.20194912
15147029 147.58568287037 0.698353102786781 0.000450901396174119 14.15155029
15147030 147.609780092593 0.703362084438372 0.00043821564194319 13.93910027
15147031 147.634525462963 0.71365690036802 0.00042349909000921 13.71125031
15147032 147.660034722222 0.719676964122791 0.000406812980321617 13.30980015
15147033 147.686238425926 0.657444172750327 0.000899465113836651 6.06707525
15147041 147.905011574074 0.693401984022765 0.000538446299791708 6.81257486
15147042 147.926747685185 0.705778350788256 0.00137836798046054 7.03919983
15148003 148.064861111111 0.674754077227039 0.000508090197256323 6.95082521
15148004 148.087476851852 0.69549762218129 0.000477304561173571 6.96080017
15148005 148.114456018519 0.658264784655634 0.000540468783590021 6.98722458
15148006 148.137013888889 0.689288048653659 0.000512441486579014 6.90707541
15148007 148.160972222222 0.681237173594011 0.000530591640120626 6.84547472
15148008 148.183229166667 0.696087257967822 0.000524299694800091 7.16432476
15148009 148.205659722222 0.719600017722263 0.000910802657154363 6.94942522
15148010 148.211342592593 0.67583497115434 0.000555341909067833 7.01539993
15148011 148.231099537037 0.699225397964534 0.000670862501480781 6.72787476
15149012 149.326099537037 0.694134569224238 0.000478321071480968 6.96255016
15149013 149.351099537037 0.643008228946216 0.000478662769225926 6.85807514
15149014 149.376585648148 0.687773266641761 0.000745584605856049 6.31435013
15149015 149.393564814815 0.681654110964619 0.000716132221256711 6.95239973
15149016 149.406342592593 0.730150720260214 0.000499951503405182 6.98512506
15149017 149.429733796296 0.703488131140863 0.000588148504171181 6.85002518
15149069 149.90681712963 0.701106194904787 0.00117641241304022 6.69987488
15149070 149.910416666667 0.702879792899207 0.000716294500180233 6.54272509
15149071 149.923668981481 0.695866138629806 0.000546688092811404 6.49092531
15149072 149.945393518519 0.678761038425743 0.000848753783310882 6.69637489
15149074 149.953958333333 0.690966394004687 0.000579357501578243 6.68237495
15149075 149.965173611111 0.685847325283382 0.000560067819605322 6.59994984
15149076 149.988032407407 0.686625607329127 0.000546229656525541 4.57286644
15150001 150.012476851852 0.697100661045624 0.000544292115494787 3.48355007
15150002 150.039641203704 0.676556291946346 0.000710131042452081 1.98525012
15150004 150.063206018519 0.726699644714713 0.000831027188206115 1.36531508
15150005 150.085 0.732897528500835 0.0030429246305917 1.38785493
15150014 150.361354166667 0.65914353008682 0.000701487742590983 1.54381502
15150015 150.388402777778 0.663178109841575 0.00100643247263871 1.35722995
15150027 150.435462962963 0.72832589463427 0.000957932417574624 1.34736001
15150030 150.459201388889 0.74416822650339 0.00130924448365472 1.32684994
15150031 150.46912037037 0.253704369726569 0.00717254424187022 1.37549996
15150048 150.499664351852 0.719152518193868 0.000818095186035711 1.35656512
15150049 150.523391203704 0.706575646747589 0.00153832027636963 1.33034992
15150054 150.540497685185 0.674537263017677 0.000799876752150319 1.29069495
15150055 150.563668981481 0.719390976364875 0.00137213539550283 1.20074499
15150056 150.572986111111 0.721264687889883 0.000999500500309799 5.91884995
15150058 150.585150462963 0.747888621792256 0.000523831002751559 5.77044964
15150059 150.607060185185 0.681381388544192 0.000525528495058435 5.45720053
15150060 150.629189814815 0.719842245373667 0.000789020852022944 1.48349988
15150061 150.651805555556 0.708033261438262 0.000924245349953005 1.00033498
15150062 150.674259259259 0.704621325741908 0.00126945854925667 1.00000000
15150063 150.683171296296 0.654243297816171 0.00147171359371024 1.00000000
15150064 150.690648148148 0.727538884097365 0.00103946242836102 1.00000000
15151004 151.039594907407 0.711467155956204 0.000616341681989362 1.36461496
15151005 151.05 0.67227396986785 0.00085564894110944 1.37409997
15151006 151.056226851852 0.718645782115761 0.000708200184024524 1.34771001
15151007 151.079108796296 0.717921358655949 0.000723506998312313 1.35499001
15151008 151.100833333333 0.708525257042845 0.00099383785506641 1.33616006
15151009 151.112743055556 0.711452263332736 0.000564620566112878 1.33598495
15151010 151.124814814815 0.702198328540425 0.000709208678052036 1.35712504
15151011 151.146400462963 0.70806689798919 0.000729830617719213 1.34655499
15151012 151.168078703704 0.701494963961024 0.000702942602115486 1.34686995
15151013 151.190891203704 0.639483012077434 0.000646285491847266 1.38589501
15151014 151.214930555556 0.696136281404843 0.000705646847617104 1.34235501
15151015 151.236701388889 0.709110562716588 0.000722125092884228 1.29996991
15151017 151.260671296296 0.734077026727451 0.000730929427522258 1.20907497
15151018 151.282303240741 0.664389587950899 0.000735186778969782 1.13595998
15151019 151.304328703704 0.731426250157417 0.000729057171284475 1.08020496
15151020 151.327708333333 0.732172373075969 0.00075186053332651 1.04184496
15151021 151.35025462963 0.673585974293155 0.00105933804851481 1.00000000
15151022 151.362025462963 0.689895868206815 0.000943605174848657 1.00000000
15151023 151.376493055556 0.744944603994997 0.000743168912678951 1.00000000
15151024 151.400104166667 0.730329297865173 0.00112666150705349 1.00000000
15151038 151.557592592593 0.666415741832353 0.000728828607137286 1.38869500
15151039 151.579363425926 0.698927547644396 0.000743347586389889 1.31862497
15151040 151.600659722222 0.701908860242581 0.000725713452022471 1.36870992
15151041 151.622002314815 0.679118179603729 0.000709917705328787 1.47122502
15151042 151.642407407407 0.632374308274407 0.00197706727209588 1.38312995
15151044 151.668761574074 0.73387496892509 0.000725196153776241 1.32839000
15151045 151.690486111111 0.712077261428328 0.000721065347685269 1.30507994
15151046 151.712210648148 0.690414149486226 0.000750314049155615 1.38043511
15151047 151.730740740741 0.70435256127497 0.000948931285654185 1.35271502
15151048 151.745636574074 0.720745600397218 0.000727120434742736 1.24544001
15151049 151.767106481481 0.716621373329463 0.000778332521952505 1.19300997
15151050 151.787233796296 0.697797451441126 0.001847487216251 1.10834491
15151051 151.791261574074 0.69943323832196 0.00195183912414789 1.10509002
15151052 151.795960648148 0.722799940199733 0.000752547749739881 1.10775006
15151053 151.817569444444 0.721605362607363 0.000778306373779631 1.00166500
15151054 151.839131944444 0.721856416918464 0.000784548395982215 1.00000000
15151055 151.860625 0.748566595963977 0.000846872712389647 1.00000000
15151056 151.881168981481 0.735332586857784 0.000743707272442534 1.00000000
15152003 152.061944444444 0.688687049862032 0.00127650529610618 1.37189507
15152004 152.069699074074 0.729433882699015 0.00292088994026202 1.38334000
15152005 152.073912037037 0.691917625350532 0.000583897845793971 1.37861502
15152006 152.107581018519 0.715431614544549 0.000727627227959062 1.30893004
15152007 152.129340277778 0.673735370472696 0.000712567554852453 1.36815000
15152008 152.150983796296 0.678725201037624 0.000723689944246127 1.29975998
15152009 152.172581018519 0.66916038888311 0.000703950686584221 1.38474000
15152010 152.194027777778 0.720069043880212 0.000706171318645848 1.35292506
15152011 152.215648148148 0.689277853075153 0.000725693921682033 1.35191000
15152012 152.235925925926 0.727905455823948 0.000732118270309278 1.28894496
15152013 152.257673611111 0.726502513457288 0.000740316202952818 1.22128999
15152014 152.279305555556 0.706263828765412 0.000737101044458464 1.17561495
15152015 152.301689814815 0.725317723090204 0.00076272771376145 1.11110997
15152016 152.322974537037 0.686830585501432 0.000758522197827136 1.04391003
15152017 152.344502314815 0.730206385020223 0.0007912855931133 1.00747502
15152018 152.366134259259 0.734693707276589 0.00094246884645847 1.00000000
15152020 152.384826388889 0.730519103314933 0.000952398032169343 1.00000000
15152038 152.560949074074 0.714837085418353 0.000725362518799745 1.40402508
15152039 152.582291666667 0.690810511957178 0.000719347782630046 1.40644002
15152040 152.60525462963 0.706469975012378 0.000899302601876302 1.42999494
15152041 152.6209375 0.707379828092059 0.000694973354231107 1.46142507
15152042 152.643680555556 0.661184751333141 0.000707253479749725 1.40934491
15152043 152.665324074074 0.717174675623648 0.000689205069050849 1.36489499
15152044 152.688993055556 0.665821448336094 0.000698597262942217 1.37560499
15152045 152.710613425926 0.688334117638286 0.00674769957364296 1.38250005
15152046 152.71181712963 0.672068997233651 0.000392619407868581 1.38943005
15152047 152.735104166667 0.722279045806871 0.000738629939889108 1.32793510
15152048 152.756006944444 0.682390730766265 0.000716288074049901 1.26815498
15152049 152.777546296296 0.720193997439429 0.000734776338168821 1.19073498
15152050 152.799236111111 0.724349152770695 0.000743874987829532 1.11222994
15152051 152.821145833333 0.74558329694382 0.00123580819843605 1.04506505
15152052 152.830381944444 0.725084900905939 0.00075794589886335 1.01272500
15152053 152.852847222222 0.730096636747773 0.000790676549930373 1.00000000
15152054 152.873391203704 0.741810452394167 0.000674448931666655 1.00000000
15153003 153.045578703704 0.687677069113897 0.000724301693760746 1.33759499
15153004 153.067303240741 0.742523702906547 0.000747587885077366 1.28981996
15153005 153.089224537037 0.797149587868365 0.00205911911206363 1.33238006
15153006 153.094016203704 0.720421072079813 0.00074771241572857 1.30133498
15153007 153.115243055556 0.710306632744096 0.000724303926946332 1.33535492
15153008 153.13712962963 0.720300345249822 0.000717674333208585 1.34638000
15153009 153.158935185185 0.677598071460912 0.000704970419520533 1.31939507
15153010 153.181157407407 0.701717544817454 0.000694371842836609 1.38725996
15153011 153.202916666667 0.672222189088554 0.000705053387495264 1.36657500
15153012 153.22474537037 0.694057741917295 0.000711241385911612 1.28677499
15153013 153.246006944444 0.734886355333936 0.000733478041455786 1.20312500
15153014 153.268483796296 0.7098265268639 0.000747935118501931 1.12906504
15153015 153.29025462963 0.732976454604418 0.000742566337917702 1.06413996
15153017 153.315185185185 0.678146529448827 0.000759349964531471 1.00369501
15153018 153.336712962963 0.75099176174547 0.000774259015355178 1.00000000
15153019 153.359074074074 0.723383287095089 0.000867793271819908 1.00000000
15153022 153.379699074074 0.733212158879776 0.0011387364945091 1.00000000
15153040 153.629259259259 0.732918410235008 0.00099190528150078 1.39919496
15153041 153.64244212963 0.663446737276107 0.000708650134249177 1.38967502
15153042 153.664236111111 0.724158464707419 0.000722508209909972 1.39786494
15153043 153.685983796296 0.702275132787486 0.000717474989711426 1.38099504
15153044 153.712395833333 0.68342870340937 0.000720200849038336 1.31442499
15153045 153.73431712963 0.679580225927794 0.000717267659425376 1.35698497
15153046 153.756145833333 0.725718093026187 0.000706458305885112 1.40294003
15153047 153.777847222222 0.708141369781935 0.000709781660377888 1.36829007
15153048 153.799710648148 0.698899834409685 0.000706405779338915 1.28012502
15153049 153.821458333333 0.708792055646924 0.000710259924312373 1.23504508
15153050 153.844236111111 0.736360328199928 0.00170688127299766 1.16738999
15153052 153.853912037037 0.694350616715709 0.000760400003713503 1.15073001
15153053 153.875821759259 0.727089136794819 0.000757681305601923 1.09350502
15153054 153.897581018519 0.675272389194211 0.000759829401275101 1.03593004
15153055 153.919444444444 0.666716889993468 0.000777404803659722 1.00000000
15153056 153.940613425926 0.731731268190323 0.000770846884594072 1.00000000
15153057 153.962662037037 0.705038794035653 0.000763617087647784 1.00000000
15153058 153.984849537037 0.718513777027809 0.000624880114483567 1.00000000
15154001 154.018263888889 0.71149142207569 0.000709585338143632 1.00000000
15154002 154.044293981481 0.66847847945878 0.000880679056711339 1.00000000
15154003 154.061030092593 0.742085738605483 0.000919112994646931 1.00000000
15154012 154.231377314815 0.692568570371536 0.000594734326334944 1.40451503
15154013 154.263344907407 0.659689986458912 0.00146843589835234 1.33077002
15154014 154.270081018519 0.71735160585642 0.00122986710064541 1.35645998
15154015 154.280462962963 0.683659093205307 0.000655594997231091 1.32208991
15154016 154.308148148148 0.681272240321863 0.00058318169128376 1.42716002
15154017 154.340590277778 0.698999144191073 0.000589612577044974 1.36703002
15154018 154.373171296296 0.718011996007974 0.000603969525683657 1.38043511
15154019 154.402800925926 0.661892035741953 0.00244581759854395 1.30049503
15154021 154.494074074074 0.71022282878545 0.000843142318371022 1.00000000
15154022 154.513113425926 0.699611598108452 0.000763788981587889 1.00000000
15154023 154.535509259259 0.707008443500312 0.000801445147827332 1.00000000
15154024 154.555752314815 0.713067386452239 0.000992641656503622 1.00000000
15155010 155.230347222222 0.707339541323633 0.000857382856402801 1.37056506
15156007 156.131342592593 0.720105428877015 0.000932922282962505 1.32356000
15156015 156.235949074074 0.729674045632039 0.000625052118057666 1.41141009
15156016 156.264502314815 0.66716392374694 0.000572592076536872 1.33241498
15156017 156.296678240741 0.730029154948591 0.000571358922165485 1.22328508
15156019 156.333530092593 0.723015398654017 0.000752976531300327 1.12402499
15156020 156.355671296296 0.734412009065456 0.000772640472381453 1.06389499
15156021 156.377256944444 0.68281831145263 0.000785514025328773 1.00404501
15156022 156.398935185185 0.720920536832813 0.000792262307296582 1.00000000
15156023 156.420324074074 0.745617253397471 0.00108453781833191 1.00000000
15156024 156.434398148148 0.730574375562257 0.00110869723083416 1.00000000
15157010 157.192314814815 0.664366013770436 0.00101568906657711 1.00000000
15157011 157.209537037037 0.705284707347786 0.000614508878942378 1.00000000
15157012 157.247488425926 0.722689819785525 0.000785269585650282 1.00000000
15157013 157.271956018519 0.666795809784689 0.000696580336794203 1.00000000
15157014 157.300486111111 0.697953740807043 0.000659018114663233 1.00000000
15157015 157.33181712963 0.673017453668525 0.000670676604993714 1.00000000
15157016 157.361724537037 0.727075642526269 0.000703621657444173 1.00000000
15157017 157.389386574074 0.68250826195562 0.00177626708653666 1.00000000
15157020 157.425104166667 0.679185412906444 0.00174551204442112 1.00000000
15157022 157.432280092593 0.708464255968535 0.00156636193346779 1.00000000
15157023 157.437928240741 0.685292481463855 0.000740680332708364 1.00000000
15157024 157.460914351852 0.710166603410013 0.000749708953942422 1.00000000
15157025 157.483078703704 0.701973329277966 0.000764424799991165 1.00000000
15157028 157.510034722222 0.714340059194577 0.000765547260539381 1.00000000
15157029 157.531678240741 0.724673996915539 0.000877366001114467 1.00000000
15157048 157.708425925926 0.724048647801598 0.00219446925650294 1.00000000
15157049 157.712384259259 0.681294487839834 0.000728244808254997 1.00000000
15157050 157.737881944444 0.709800089901211 0.000810683369770859 1.00000000
15157051 157.759467592593 0.705511992401702 0.00079848781203089 1.00000000
15157052 157.780949074074 0.684172666982183 0.00075834723649529 1.00000000
15157053 157.804293981481 0.724307803573601 0.000768262736738628 1.00000000
15157054 157.827534722222 0.695989073258307 0.000757874609325762 1.00000000
15157055 157.8509375 0.723601421728877 0.00076308104193327 1.00000000
15157056 157.874340277778 0.725350575732702 0.000683071103765524 1.00000000
15157057 157.903321759259 0.75289746169333 0.000816423861209582 1.00000000
15157058 157.924872685185 0.722229051795053 0.000788396791505124 1.00000000
15157059 157.946574074074 0.682655908699393 0.000776462108790327 1.00000000
15157060 157.967743055556 0.737893114950481 0.000650938911910056 1.00000000
15157061 157.999212962963 0.686387987634027 0.000630793432355806 1.00000000
15158001 158.030844907407 0.684540469874973 0.00107822649183959 1.00000000
15158028 158.295462962963 0.715313151057485 0.000716419907620195 1.00000000
15158029 158.322395833333 0.711364739375253 0.000645923843057897 1.00000000
15158030 158.354710648148 0.665014624618739 0.000729583380345042 1.00000000
15158031 158.378981481481 0.676615883312348 0.00148679679237011 1.00000000
15158032 158.385671296296 0.664768767093646 0.00123273729472 1.00000000
15158033 158.395462962963 0.682127649096218 0.000636270042429884 1.00000000
15158034 158.428356481481 0.694248991006494 0.000849664366037979 1.00000000
15158035 158.447210648148 0.714922804007998 0.00176267058589884 1.00000000
15158036 158.4525 0.707277648113493 0.000780286883497212 1.00000000
15158037 158.474606481481 0.692991691203372 0.000765278324360441 1.00000000
15158038 158.497986111111 0.703565309138966 0.000777561290674309 1.00000000
15158039 158.519699074074 0.710471440172074 0.000748143352542295 1.00000000
15158040 158.542592592593 0.723977494697216 0.000803854012331759 1.00000000
15158062 158.893668981481 0.694393142731433 0.000805653117710402 1.00000000
15158063 158.915034722222 0.690285814875797 0.000804446802374805 1.00000000
15158064 158.936400462963 0.695327302112178 0.00078906223283898 1.00000000
15158065 158.958715277778 0.711182089777676 0.00170438347621132 1.00000000
15158070 158.994166666667 0.719472169118096 0.000734262935598554 1.00000000
15159001 159.019201388889 0.7375361350736 0.000799982627839437 1.00000000
15159002 159.041365740741 0.742646387113347 0.00080731902522385 1.00000000
15159003 159.06318287037 0.693889899733304 0.000787439754482687 1.00000000
15159004 159.084363425926 0.711010882478413 0.000790195624157103 1.00000000
15159005 159.105775462963 0.719954894164788 0.000789450008233776 1.00000000
15159006 159.127037037037 0.701547359348088 0.00077454887552816 1.00000000
15159007 159.148287037037 0.730818488185795 0.000785212818583949 1.00000000
15159008 159.169965277778 0.724060667225555 0.0006898247991499 1.00000000
15159009 159.19724537037 0.739161881406848 0.000592748702129224 1.00000000
15159021 159.380925925926 0.71424530681386 0.000774986200585559 1.00000000
15159022 159.405335648148 0.694967717714016 0.00145799103816618 1.00000000
15159024 159.414479166667 0.713477514518986 0.000679090606246013 1.00000000
15159025 159.444351851852 0.677302982020413 0.000697977281116678 1.00000000
15159026 159.47125 0.712518213817702 0.000792957902080856 1.00000000
15159027 159.494780092593 0.727777789425992 0.000675572958788359 1.00000000
15159028 159.524328703704 0.722481233964081 0.000741335424045765 1.00000000
15159029 159.548888888889 0.738223541331552 0.000788068426119291 1.00000000
15159030 159.57068287037 0.735604155257717 0.000750815731484516 1.00000000
15159031 159.594363425926 0.739182258592905 0.000789006491222152 1.00000000
15159032 159.615798611111 0.719064796132382 0.000747907256996759 1.00000000
15159033 159.638738425926 0.712039336213943 0.000772626477842308 1.00000000
15159034 159.660381944444 0.726331397152583 0.000741021409253151 1.00000000
15159035 159.68380787037 0.749132282636092 0.000772207741731363 1.00000000
15159036 159.706296296296 0.747981938249715 0.000765175420713505 1.00000000
15159045 159.898460648148 0.639204300356533 0.000717776141227038 1.00000000
15159046 159.923240740741 0.694205005794172 0.000818480810314302 1.00000000
15159047 159.944328703704 0.65265861473831 0.000859527362534461 1.00000000
15159049 159.965960648148 0.683016132944178 0.00146399519597401 1.00000000
15159051 159.976400462963 0.682605205562348 0.00210684208573625 1.00000000
15159054 159.982523148148 0.679123116618488 0.00127348196739073 1.00000000
15159055 159.990891203704 0.665097975538931 0.000635366723657708 1.00000000
15160001 160.022939814815 0.707191505094338 0.000600288938036886 1.00000000
15160002 160.059351851852 0.719180562377186 0.000752128305804447 1.00000000
15160003 160.084293981481 0.692303438645473 0.000645549953198799 1.00000000
15160004 160.116111111111 0.713684287658657 0.000637713185464562 1.00000000
15160005 160.148125 0.723448106233881 0.000993307302028253 1.00000000
15160006 160.163587962963 0.721632489354351 0.000760668367061638 1.00000000
15160007 160.186666666667 0.690244522996509 0.000696863013755696 1.00000000
15160033 160.59775462963 0.713909543305193 0.00068119972645553 1.00000000
15160034 160.629201388889 0.69052352864204 0.000750347140272546 1.00000000
15160035 160.654293981481 0.693461474288838 0.00082258051805806 1.00000000
15160036 160.675416666667 0.679689956167531 0.000806531810435549 1.00000000
15160037 160.696770833333 0.688476286621064 0.000807722180119463 1.00000000
15160038 160.718472222222 0.679386725064711 0.000845017417239949 1.00000000
15160039 160.739756944444 0.715122112161711 0.000828397919047143 1.00000000
15160040 160.761030092593 0.679834001235243 0.000958862690983458 1.00000000
15160041 160.776319444444 0.710988959160296 0.000800466954400529 1.00000000
15160042 160.798009259259 0.725352271480661 0.000784902471060134 1.00000000
15160043 160.820868055556 0.700607118662229 0.000793647367597593 1.00000000
15160044 160.84212962963 0.687922105779371 0.000767249723165233 1.00000000
15160045 160.863831018519 0.726447184777675 0.00077431015762079 1.00000000
15160046 160.885960648148 0.687396123416671 0.000797877645078702 1.00000000
15160047 160.907835648148 0.68468688708762 0.000755576571408659 1.00000000
15160048 160.930451388889 0.732217072990446 0.00107077863841726 1.00000000
15161005 161.093194444444 0.714021512155393 0.000788590035971206 1.00000000
15161006 161.116944444444 0.68524820120476 0.000801829818557842 1.00000000
15161007 161.138784722222 0.673006305071436 0.000830504901641393 1.00000000
15161008 161.160266203704 0.719084076756867 0.000855725559361104 1.00000000
15161009 161.181863425926 0.7391167506798 0.000871155566339659 1.00000000
15161010 161.203240740741 0.590137934679594 0.000819661753910207 1.00000000
15161011 161.224386574074 0.721740715617272 0.000871894933686696 1.00000000
15161012 161.24599537037 0.690310299611737 0.000827209936458309 1.00000000
15161013 161.266585648148 0.718707738556582 0.0015202729260162 1.00000000
15161014 161.275335648148 0.690688691582712 0.000824471068886476 1.00000000
15161015 161.29681712963 0.712288243143412 0.000683023435350592 1.00000000
15161016 161.326701388889 0.713222854879699 0.000797025977067404 1.00000000
15161017 161.34880787037 0.727612370043901 0.0016573481328227 1.00000000
15161018 161.355069444444 0.686420673908536 0.000780734376929545 1.00000000
15161019 161.377094907407 0.718304349470767 0.000774091002124949 1.00000000
15161020 161.399537037037 0.72440557042636 0.00128700830908156 1.00000000
15161021 161.408449074074 0.737597497155676 0.000761173820182497 1.00000000
15161022 161.431481481481 0.768992758632541 0.00193924144263013 1.00000000
15161052 161.672048611111 0.638109609702258 0.0049793558359577 1.00000000
15161056 161.701782407407 0.698487667970483 0.00263371252468549 1.00000000
15161059 161.739861111111 0.641605396715731 0.0010630917911013 1.00000000
15161060 161.752951388889 0.696275435123459 0.000880884055589779 1.00000000
15161061 161.773877314815 0.63299865210785 0.000824638128108908 1.00000000
15161062 161.79474537037 0.69351161384346 0.00078742376015304 1.00000000
15161063 161.817141203704 0.744191046959077 0.0018148567887751 1.00000000
15161064 161.823020833333 0.680792894433541 0.000826210847842118 1.00000000
15161065 161.844803240741 0.691835425695276 0.00081663382336716 1.00000000
15161066 161.865925925926 0.684539622268976 0.00151368080383381 1.00000000
15161067 161.907430555556 0.770424024031136 0.00349169308701301 1.00000000
15161068 161.909930555556 0.713090416930627 0.000848043925086439 1.00000000
15161069 161.930358796296 0.689816552645677 0.00086048193782465 1.00000000
15161070 161.95224537037 0.713351645529821 0.000780988016088751 1.00000000
15161071 161.973738425926 0.703408539824388 0.00075300862129885 1.00000000
15161072 161.996319444444 0.718236259610414 0.000783324460537948 1.00000000
15162001 162.017974537037 0.68739171309649 0.000918675484270296 1.00000000
15162015 162.344733796296 0.660867122476214 0.000972851456456706 1.00000000
15162016 162.34974537037 0.693226005883532 0.000824996941750377 1.00000000
15162017 162.371550925926 0.685868592834489 0.000873069819391572 1.00000000
15162018 162.389965277778 0.67576671077143 0.000823643303426681 1.00000000
15162019 162.410081018519 0.3936633091514 0.00137026664386072 1.00000000
15162020 162.421759259259 0.667085462468939 0.00078465034460949 1.00000000
15162021 162.443657407407 0.680541299674279 0.000828991040231084 1.00000000
15162022 162.464444444444 0.659334183439563 0.000815827169203103 1.00000000
15162023 162.486377314815 0.677661877120987 0.000872297039462001 1.00000000
15162024 162.505462962963 0.651205645256355 0.000975643037996431 1.00000000
15162025 162.520069444444 0.648765234577273 0.000778972964083898 1.00000000
15162026 162.541539351852 0.656530225393593 0.00128808530885892 1.00000000
15162027 162.569976851852 0.719652022233791 0.000808635248970195 1.00000000
15162028 162.592060185185 0.737282105924838 0.000860946080935272 1.00000000
15162029 162.612662037037 0.716324794290074 0.000805554752800005 1.00000000
15162030 162.634201388889 0.690072131948156 0.000820517978576068 1.00000000
15162031 162.654861111111 0.729479097034672 0.00177926616096122 1.00000000
15162032 162.660196759259 0.725532028557604 0.000819034179576124 1.00000000
15162047 162.867916666667 0.715775598208257 0.00151389568970791 1.00000000
15162048 162.870266203704 0.701114378159061 0.0007962590390825 1.00000000
15162049 162.892766203704 0.712333047331213 0.000818006706024383 1.00000000
15162050 162.914224537037 0.603227867947626 0.000778509599486494 1.00000000
15162051 162.935740740741 0.656990409750015 0.0010046239968051 1.00000000
15162053 162.95068287037 0.695107483778126 0.00185760199854198 1.00000000
15162054 162.955983796296 0.700612469091032 0.000779266265865729 1.00000000
15162055 162.979375 0.699290033882501 0.000874725328209223 1.00000000
15163001 163.001030092593 0.701636934276849 0.000823640027052161 1.00000000
15163002 163.022916666667 0.687143098213136 0.0008055172270343 1.00000000
15163003 163.044560185185 0.678943192793031 0.00118557852454932 1.00000000
15163004 163.056539351852 0.690844530937792 0.000797726697251937 1.00000000
15163005 163.079212962963 0.715791924002425 0.000915529145027008 1.00000000
15163006 163.097002314815 0.732853913102082 0.000866304060596398 1.00000000
15163007 163.11869212963 0.692477136613211 0.000823783469783681 1.00000000
15163008 163.140289351852 0.663123191152357 0.000821961630434898 1.00000000
15163009 163.16193287037 0.709329662847898 0.000808342398658363 1.00000000
15163010 163.183796296296 0.725912218552243 0.000800335413967343 1.00000000
15163022 163.360046296296 0.728249919343333 0.00093715002099311 1.00000000
15163023 163.365393518519 0.668104612465848 0.000799866330978919 1.00000000
15163024 163.387118055556 0.669422261585329 0.000768690248854921 1.00000000
15163025 163.410219907407 0.634825893391428 0.000905832757615037 1.00000000
15163026 163.426643518519 0.688896548960975 0.000872833518978088 1.00000000
15163027 163.447048611111 0.645622532927626 0.000767134533621673 1.00000000
15163028 163.468796296296 0.67979467179318 0.000799650876937764 1.00000000
15163029 163.490960648148 0.705050962103544 0.000816548283070808 1.00000000
15163033 163.521296296296 0.698197424134827 0.00167132688566286 1.00000000
15163034 163.529837962963 0.691437400515267 0.000852831146732076 1.00000000
15163035 163.548240740741 0.718928016167724 0.00101334162998295 1.00000000
15163054 163.861909722222 0.679115288414391 0.00137159371813456 1.00000000
15163055 163.864930555556 0.672503617329431 0.000791867656711849 1.00000000
15163056 163.886203703704 0.680236308113673 0.000762267703474911 1.00000000
15163057 163.908773148148 0.702144605514476 0.000857538130300394 1.00000000
15163058 163.927141203704 0.701701079369737 0.00180719207285474 1.00000000
15163059 163.932372685185 0.687424393990964 0.000784170945629018 1.00000000
15163060 163.953935185185 0.69192383757571 0.00077524929543209 1.00000000
15163061 163.975451388889 0.71895352076101 0.000797455204788958 1.00000000
15163062 163.997071759259 0.648553468305754 0.000767874724722993 1.00000000
15164001 164.018842592593 0.688192414293511 0.0011353237755442 1.00000000
15164002 164.029085648148 0.711546942556539 0.000786272720271751 1.00000000
15164003 164.050891203704 0.688469252977211 0.000831227281424382 1.00000000
15164004 164.071539351852 0.692615087584782 0.000770851540229346 1.00000000
15164005 164.094328703704 0.736060722607538 0.00075442581503986 1.00000000
15164006 164.11775462963 0.725718395642147 0.000804289489057545 1.00000000
15164007 164.139606481481 0.734618709677639 0.000805886483363264 1.00000000
15164008 164.161469907407 0.710178244451714 0.000757596302876523 1.00000000
15164009 164.184664351852 0.698909823201429 0.000779070222982919 1.00000000
15164033 164.461782407407 0.756914711616009 0.000818610285105182 1.00000000
15164034 164.467233796296 0.718573321335662 0.00185783475278774 1.00000000
15164036 164.473310185185 0.677941306655156 0.000791864062056622 1.00000000
15164037 164.495532407407 0.708295824411616 0.000804384777857603 1.00000000
15164039 164.517476851852 0.724441807129654 0.000811734434532197 1.00000000
15164040 164.538923611111 0.645055133933037 0.000738329891692008 1.00000000
15164041 164.563101851852 0.708357331989037 0.000786689834026699 1.00000000
15164042 164.585092592593 0.715748641570588 0.000791760255604623 1.00000000
15164043 164.607094907407 0.721985339070487 0.000830037604003028 1.00000000
15164044 164.626782407407 0.704881685287791 0.000765778377661758 1.00000000
15164045 164.648310185185 0.725313617534144 0.000770381077973904 1.00000000
15164046 164.671469907407 0.6407605550091 0.00169092237721132 1.00000000
15164047 164.676921296296 0.721631582337391 0.000777730612916839 1.00000000
15164048 164.6990625 0.718705615416065 0.00254760453893053 1.00000000
15164049 164.702291666667 0.667628587945064 0.000791690870558709 1.00000000
15164067 164.917835648148 0.576951511498158 0.0024277390429525 1.00000000
15164068 164.919305555556 0.713400853945299 0.000785116034193549 1.00000000
15164069 164.943252314815 0.652624319794588 0.000940090779897361 1.00000000
15164070 164.95931712963 0.685523485211984 0.00080816811966679 1.00000000
15164071 164.982395833333 0.677661407101965 0.00079978066752257 1.00000000
15165001 165.00443287037 0.704144264824602 0.00078483665806919 1.00000000
15165002 165.026493055556 0.738118448709621 0.000811821257730029 1.00000000
15165003 165.048599537037 0.69299399452644 0.000771054676500765 1.00000000
15165004 165.070451388889 0.695673858670494 0.000984521455988821 1.00000000
15165026 165.451793981481 0.70419786594175 0.000805086735168725 1.00000000
15165027 165.473634259259 0.690725504331142 0.00077907064229774 1.00000000
15165028 165.496099537037 0.675610747737654 0.000822369072830743 1.00000000
15165029 165.516631944444 0.637641651097792 0.000753381419648305 1.00000000
15165031 165.541736111111 0.748573486872137 0.0011469555841529 1.00000000
15165033 165.556979166667 0.64717791511978 0.00209611608196996 1.00000000
15165034 165.560706018519 0.671349141131929 0.000864879346025953 1.00000000
15165035 165.580462962963 0.658875695412411 0.000765505575843373 1.00000000
15165036 165.602465277778 0.639036849269195 0.000757542087164947 1.00000000
15165037 165.624641203704 0.712654899377554 0.000935346177557141 1.00000000
15165038 165.640393518518 0.691313060356535 0.000745242285547534 1.00000000
15165039 165.663125 0.706267076672839 0.00324050933889495 1.00000000
15165040 165.665277777778 0.699365544816269 0.000774024641223577 1.00000000
15165041 165.686539351852 0.659715841613308 0.000773017203675759 1.00000000
15165042 165.708020833333 0.703648907805166 0.000776791451019958 1.00000000
15165043 165.729722222222 0.711207907275337 0.000748532765827315 1.00000000
15165044 165.753854166667 0.737210149846832 0.00107392674867116 1.00000000
15165045 165.767199074074 0.679547633634528 0.00170023956206856 1.00000000
15165046 165.772314814815 0.709393653089895 0.000819073092116231 1.00000000
15165047 165.79369212963 0.735790441613581 0.00134977404064031 1.00000000
15165056 165.946018518519 0.71026526841536 0.00166972650308801 1.00000000
15165057 165.948229166667 0.705474575467926 0.000819260277511909 1.00000000
15165058 165.969652777778 0.707807306037153 0.000812572662663685 1.00000000
15165059 165.991643518519 0.656129244238136 0.000786268355398902 1.00000000
15166004 166.023530092593 0.653613344807546 0.00077755505362282 1.00000000
15166005 166.045104166667 0.684551982434875 0.000795410538086285 1.00000000
15166006 166.066701388889 0.675448936977108 0.000768345166588566 1.00000000
15166007 166.08869212963 0.72617166789826 0.000795316770983898 1.00000000
15166008 166.110509259259 0.711442786075246 0.000520470882237929 1.00000000
15166009 166.129340277778 0.695488683626246 0.00077593749653457 1.00000000
15166010 166.152233796296 0.706620801920609 0.000756471892864062 1.00000000
15166011 166.173831018519 0.705974411174473 0.000905344423196055 1.00000000
15166014 166.206631944444 0.581731921888574 0.000724551076913786 1.00000000
15166015 166.228587962963 0.584040335200875 0.000695505695649038 1.00000000
15166016 166.2525 0.582171231012115 0.000723705968912779 1.00000000
15166017 166.273726851852 0.568079070785165 0.000750043334810395 1.00000000
15166029 166.44712962963 0.715060870909216 0.00098858272064893 1.00000000
15166030 166.450960648148 0.685973477362393 0.000777303578485236 1.00000000
15166031 166.472743055556 0.653461176447638 0.000748668171677603 1.00000000
15166032 166.496770833333 0.698538781473977 0.000862471124609548 1.00000000
15166033 166.514837962963 0.664477432420952 0.000778399475064354 1.00000000
15166034 166.536666666667 0.697256701921291 0.000784072292453817 1.00000000
15166035 166.559907407407 0.662093097181492 0.000767535197530149 1.00000000
15166036 166.581782407407 0.725941343796557 0.000764366218147741 1.00000000
15166037 166.604988425926 0.715190210104184 0.000790376796629729 1.00000000
15166038 166.628715277778 0.682776673667716 0.000809455839667179 1.00000000
15166039 166.647905092593 0.65188113842068 0.000755010689171143 1.00000000
15166040 166.670034722222 0.727369763082549 0.00076597017317141 1.00000000
15166041 166.692384259259 0.726854943147881 0.000752364965032893 1.00000000
15166042 166.714907407407 0.693246517220926 0.00100961135238542 1.00000000
15166043 166.728090277778 0.71283341865117 0.000756429058128417 1.00000000
15166044 166.75005787037 0.711315742720255 0.000756307826210305 1.00000000
15166045 166.771296296296 0.699437584341529 0.00247662041315888 1.00000000
15166046 166.773900462963 0.720788326243263 0.00174535982708794 1.00000000
15166047 166.778564814815 0.705878054216981 0.000955146876411699 1.00000000
15167008 167.12375 0.690983875029075 0.000806415193722258 1.00000000
15167009 167.145347222222 0.678163361075751 0.000795354411037198 1.00000000
15167011 167.167789351852 0.668027631612185 0.000787908572955249 1.00000000
15167012 167.189548611111 0.671687526112689 0.000759145310491071 1.00000000
15167013 167.21255787037 0.689812034280651 0.000804696951555889 1.00000000
15167014 167.232835648148 0.691146181079363 0.000947044503473759 1.00000000
