15081026 81.4715740740741 0.657329838721735 0.000428841675549821 1.37218940
15081027 81.4985069444445 0.694731159198529 0.000439987054786309 1.15761268
15081028 81.5216087962963 0.722151114725294 0.000568965109753452 1.01368237
15081029 81.5358912037037 0.73720359569472 0.000492955967241988 1.00000000
15081034 81.6266550925926 0.567487870609981 0.000378463870008455 2.04515910
15081036 81.6504398148148 0.627748968743221 0.000457623717100109 1.55926859
15081037 81.6680902777778 0.670980327329786 0.000429803749792654 1.32652056
15081038 81.6898611111111 0.6950558200489 0.00109477678543639 1.12097991
15081041 81.6986921296296 0.720660293951964 0.000443538635398447 1.05636179
15081042 81.7212615740741 0.746469639358698 0.000501082522590953 1.00000000
15081043 81.7408449074074 0.773106968258756 0.000381543589218078 1.00000000
15081044 81.7729166666667 0.782064117131152 0.00137997238506388 1.00000000
15082004 82.0615393518518 0.632980265357802 0.000379766837436433 1.53146195
15082005 82.0830902777778 0.668407758976559 0.000403742454658996 1.30062890
15082006 82.1039351851852 0.691984368676406 0.000716060825819679 1.14831710
15082007 82.1138888888889 0.710906449768718 0.00039713734694243 1.08951712
15082008 82.1360532407407 0.729656944042055 0.000400708300511271 1.00000000
15082009 82.1580092592593 0.748223871922482 0.000400504242670344 1.00000000
15082013 82.2645023148148 0.446682574984496 0.000333417452438984 3.30676532
15082014 82.2834375 0.526355515650125 0.000692353483945075 2.29343486
15082017 82.2946180555556 0.562903727980797 0.000369771392428987 2.02099061
15082018 82.3161805555556 0.601774062365911 0.000420060549095172 1.69182181
15082021 82.3385185185185 0.643442515939379 0.000444241285800595 1.44937050
15082022 82.3605555555555 0.672059456777843 0.000436050400920314 1.26263738
15082023 82.3819097222222 0.678903837715519 0.00566266146878571 1.15768051
15082024 82.3844212962963 0.690128812826004 0.000680970413542236 1.14420974
15082025 82.3936342592593 0.706911790120501 0.000476218737790884 1.09132671
15082028 82.4149305555556 0.718222158456946 0.000768357894950169 1.00297856
15082030 82.4247916666667 0.717149651535637 0.00304796110826294 1.00000000
15082031 82.4276851851852 0.71775033706269 0.00427361662124971 1.00000000
15082050 82.5615625 0.362669324592388 0.00184569609142295 3.84427857
15082052 82.5662731481481 0.441584823957759 0.000337652552987975 3.31080437
15082053 82.5857175925926 0.517074252780367 0.000365312611668739 2.41025043
15082055 82.6089930555556 0.571313845097409 0.000407391828425328 1.91001785
15082056 82.6274652777778 0.610729387220617 0.000396174033310395 1.66365695
15082057 82.6477893518519 0.638187842858462 0.000406743383509459 1.46228552
15082058 82.6690625 0.662622825449726 0.000393346282175646 1.30678678
15082059 82.6906712962963 0.666971605446499 0.000401302676788206 1.23392904
15082060 82.7122453703704 0.664752297197842 0.000532703832200043 1.25305152
15082064 82.8290740740741 0.424914113921361 0.000490815935896944 3.46205974
15082065 82.8413541666667 0.497316849593896 0.000622855472776745 2.53850484
15082066 82.8492824074074 0.541132555818271 0.000374404117500149 2.27556610
15082067 82.8732407407407 0.600051916010502 0.000402525564888962 1.75425339
15082069 82.8963657407407 0.658761644825908 0.000382783663815504 1.43997610
15082071 82.9235185185185 0.688901503358154 0.000401658506387065 1.20019317
15082073 82.9490625 0.71265883606624 0.000461949778307425 1.08508849
15082074 82.9677314814815 0.72345387315476 0.000424885043379693 1.00022376
15082075 82.9896064814815 0.736991350930864 0.000544418532450659 1.00000000
15083002 83.0451967592593 0.445938686870896 0.000402897200436192 3.22060323
15083003 83.0593981481482 0.520267614485667 0.000359076749696432 2.43394947
15083004 83.0819097222222 0.578990723446584 0.000385446553766494 1.90379822
15083005 83.1038194444444 0.615817232140668 0.000406057166212269 1.60950172
15083007 83.1266550925926 0.649568403679024 0.000412445818204253 1.39922380
15083008 83.1484375 0.675237422134308 0.000421826969142933 1.25434852
15083009 83.1701851851852 0.697149661276941 0.000420951013724947 1.14385760
15083010 83.191724537037 0.712957558141198 0.00054729688166742 1.05159974
15083014 83.3198032407407 0.515354307716753 0.000423699687791302 2.51792455
15083015 83.3358564814815 0.578345540680288 0.000398094799690026 1.90165496
15083017 83.3592939814815 0.61788413218968 0.000643523218061288 1.54713798
15083019 83.3749074074074 0.646024762104616 0.000522281358560928 1.40010703
15083021 83.3915856481482 0.674231845777258 0.000446609939314748 1.27046907
15083023 83.4124074074074 0.695251088652398 0.000579822531389706 1.14323997
15083024 83.4253125 0.699448188653098 0.00142112159404745 1.08155560
15083025 83.4315277777778 0.713090005463694 0.000470815564466747 1.06000590
15083026 83.4520486111111 0.718104083195412 0.000833681076318986 1.00000000
15083027 83.4604050925926 0.729417600229906 0.00156056915113959 1.00000000
15083028 83.4633796296296 0.735686990245107 0.000494071450676752 1.00000000
15083029 83.4850578703704 0.749680681983041 0.000689921557638973 1.00000000
15083030 83.4972453703704 0.757953809580251 0.000527907386627102 1.00000000
15083031 83.5162268518519 0.747115362757026 0.000739717204147043 1.00000000
15084002 84.0311805555556 0.533859724527939 0.000566382249992857 1.53263450
15084003 84.0434375 0.517638790856028 0.00190935307903987 1.30499434
15084004 84.0452893518518 0.523273595485241 0.0018948765059807 1.27760494
15084005 84.0472569444444 0.534946793685191 0.00211983193423791 1.25688112
15084006 84.0488541666667 0.563535646344421 0.000408672944514509 1.23461330
15084007 84.069212962963 0.608589217215852 0.000409527978446701 1.05340672
15084008 84.0907638888889 0.641111868412747 0.000425307335205073 1.00000000
15084009 84.1122337962963 0.665115783550801 0.000428593161099102 1.00000000
15084010 84.1338078703704 0.688011305215269 0.000432483018042145 1.00000000
15084011 84.1565972222222 0.710068594865545 0.000420802683894412 1.00000000
15084022 84.2810069444444 0.644582443443261 0.000665532042267299 1.81507659
15084024 84.2914930555556 0.531467589350407 0.000612264149268293 1.55958831
15084025 84.309837962963 0.555109552472111 0.000411113266726664 1.26897562
15084027 84.3348611111111 0.59727442550414 0.000467447993020945 1.05851281
15084028 84.3513657407407 0.621187566811207 0.000439948292849931 1.00000000
15084029 84.37125 0.59838065326416 0.000443587981474146 1.00000000
15084031 84.395625 0.559598816075428 0.00053827675114085 1.09423614
15084032 84.4072337962963 0.552583185080918 0.0018626312441501 1.19037330
15084033 84.4092708333333 0.541205605826811 0.000478272778961965 1.19809282
15084034 84.4240625 0.533931086713687 0.000665090120114868 1.24129045
15084036 84.4357175925926 0.520803462809778 0.000428908709607757 1.29558337
15084037 84.4542824074074 0.508730181850514 0.000421523412717396 1.37050271
15084038 84.4720486111111 0.504440509659674 0.00109281216272239 1.38798332
15084039 84.4751851851852 0.501787451285463 0.000603274012398554 1.39379334
15084040 84.4850694444444 0.502228829497139 0.000420020561696579 1.38828671
15084052 84.6889583333333 0.414369855968332 0.000734701155804519 1.89204168
15084053 84.6945949074074 0.414529793423265 0.00220458907857005 1.85902500
15084054 84.6965162037037 0.417609436009216 0.000525797562394891 1.85364664
15084055 84.7089236111111 0.416995712590651 0.000625466246993306 1.84441054
15084058 84.7212615740741 0.418937594323429 0.00056129179860602 1.83866668
15084059 84.7286689814815 0.422548473423573 0.000324018879034446 1.83798611
15084060 84.7495023148148 0.422212619624764 0.00117704818680678 1.81265390
15084061 84.7531018518518 0.428192004262617 0.00291689861361683 1.81126547
15084062 84.7553935185185 0.424090573939005 0.00124108957683407 1.80773056
15084063 84.7576967592592 0.430187448431957 0.000358877896684848 1.79364884
15084064 84.7826157407407 0.437507558516417 0.000511890595240047 1.75625718
15084066 84.7958101851852 0.460058607804674 0.000346537839203733 1.72630489
15084067 84.8171875 0.477410890772602 0.00036388374806052 1.60098946
15084068 84.8385069444444 0.487663381346053 0.000383656239963065 1.49263728
15084069 84.8575694444444 0.495549457403311 0.000640013847955251 1.43837547
15084070 84.8650347222222 0.510489030684742 0.000540337713736725 1.43685889
15084090 84.9304050925926 0.406174753296812 0.000463230833849569 1.98536718
15084091 84.9428935185185 0.414556525271831 0.000378734544659178 1.89030337
15084092 84.9617476851852 0.426987655385237 0.000317040660279791 1.86461329
15084093 84.9834722222222 0.432632544943235 0.000324921352276474 1.84605956
15085001 85.0056018518518 0.431014383414265 0.000324716301932512 1.80383396
15085002 85.0274421296296 0.439985270911495 0.000339030194530292 1.74267709
15085003 85.0492824074074 0.449567662600802 0.000338774184465618 1.68879664
15085004 85.0709837962963 0.46774938218017 0.00035164351790261 1.64339781
15085005 85.0927199074074 0.494069455752788 0.000363210858269662 1.51061547
15085006 85.1144560185185 0.508288040476609 0.000366114771462775 1.43737996
15085007 85.1367939814815 0.517130495894458 0.000478140053174203 1.36806047
15085008 85.1560532407407 0.540813504101344 0.000612120074516947 1.29691732
15085010 85.175 0.560716312327757 0.000451300149087144 1.17330492
15085012 85.1945486111111 0.553892124337508 0.000842055183790267 1.19286609
15085013 85.2001157407407 0.560583521324142 0.000832312066724215 1.17800665
15085014 85.2059837962963 0.564157179626683 0.000847157311535001 1.15292335
15085015 85.2113888888889 0.563144007025646 0.000846130598357501 1.13954937
15085016 85.2168634259259 0.566670690652453 0.000846591878034232 1.14539826
15085017 85.2223958333333 0.568664932189954 0.000871306085201847 1.12509835
15085018 85.2278356481481 0.575559322733489 0.000851077742203454 1.10984993
15085019 85.2335648148148 0.588159563273086 0.000875157474490955 1.06565666
15085020 85.2390277777778 0.592467626531978 0.000875843142011785 1.04383993
15085021 85.244537037037 0.593689265669168 0.000523863793803785 1.02399886
15085022 85.2592708333333 0.600577010414295 0.000453854611548621 1.01607323
15085115 85.9864351851852 0.407805863806069 0.000288474055810532 1.94774210
15086001 86.0099768518518 0.418866962392063 0.000438032494848089 1.85051608
15086003 86.0241898148148 0.413869510094282 0.000334410439593862 1.83277500
15086004 86.0436921296296 0.416988770064277 0.000532945678010337 1.86968446
15086005 86.0518634259259 0.428526517214536 0.000350178756724203 1.83483601
15086006 86.0745833333333 0.453413443224029 0.000399952447439506 1.69342065
15086007 86.0911805555556 0.450545317268937 0.000822482214437615 1.66295111
15086009 86.0976388888889 0.462984583524487 0.000374307860620625 1.67355609
15086010 86.1189699074074 0.495122939839443 0.000365638117483917 1.52973330
15086011 86.1405787037037 0.51279694305738 0.00038726907927962 1.45134509
15086012 86.1625 0.541912524259209 0.000398230078008137 1.31167161
15086013 86.1843402777778 0.562261882650757 0.000351706467422199 1.19136500
15086014 86.2202662037037 0.591944519314792 0.000577325819865305 1.08147657
15086016 86.2338078703704 0.603521559856875 0.000482773837556851 1.03054380
15086017 86.2558912037037 0.621581092529355 0.000434164947236438 1.00000000
15086018 86.2767592592593 0.618992205132754 0.000468690133342656 1.00000000
