15153036 153.5675 2.70937027904698 5.45226450394848e-06 13480.79980469
15153037 153.589768518519 2.66454289704717 5.77582594837145e-06 13232.59960938
15153038 153.611493055556 2.63508102508421 9.12940315444357e-06 12375.00000000
15154007 154.119664351852 2.65969114770333 5.08676080196058e-06 11706.20019531
15154008 154.150428240741 2.6961899842411 7.58666386578557e-06 13285.20019531
15154009 154.162476851852 2.69265329641666 5.50441882020148e-06 13630.00000000
15154010 154.1846875 2.66586493891292 6.09040846050669e-06 13574.00000000
15154011 154.205752314815 2.5898529178188 6.05917966238136e-06 12659.40039062
15155004 155.10474537037 2.70121938068969 9.19827308508627e-06 12368.79980469
15155005 155.113842592593 2.73233802848401 5.30551468818843e-06 12695.79980469
15155006 155.136446759259 2.73945273144317 4.32079880136342e-06 13648.79980469
15155007 155.168668981481 2.69037437300768 4.55260177559358e-06 13549.00000000
15155008 155.201180555556 2.6310289626609 6.08614515179404e-06 12253.00000000
15155009 155.223275462963 2.43662297262583 1.7518581228643e-05 11484.40039062
15156001 156.012210648148 2.74122319797829 4.26750247196538e-06 13086.00000000
15156002 156.046481481481 2.71592638509795 4.39626429309678e-06 13569.40039062
15156003 156.078761574074 2.6517768048676 5.16452349082397e-06 12748.00000000
15156004 156.109189814815 2.54599289320917 7.71531707156436e-06 11560.00000000
15156010 156.153425925926 2.41606365461548 8.24644575694532e-06 7784.20019531
15156011 156.181458333333 2.4337849411508 1.08199740951103e-05 7981.79980469
15156014 156.216053240741 2.43293558253504 9.48441931443119e-06 7803.00000000
15156039 156.871990740741 2.73064347424674 1.36522864986882e-05 13577.00000000
15156040 156.876516203704 2.74962319118864 5.3101459022455e-06 13050.40039062
15156041 156.898483796296 2.77740909178239 5.02041213919753e-06 13858.20019531
15156042 156.920185185185 2.76655138260285 5.12415633514475e-06 14427.00000000
15157004 157.080381944444 2.74435091079996 5.51103270640181e-06 13153.59960938
15157005 157.100474537037 2.75213399225777 2.04733488643241e-05 13775.40039062
15157006 157.107905092593 2.76966509216094 4.23857627079966e-06 14111.79980469
15157007 157.140393518518 2.74352006998206 5.6966939072865e-06 14197.20019531
15157009 157.161435185185 2.65375149521389 5.21255746029113e-06 13473.59960938
15157034 157.586041666667 2.57756071213958 9.31590384062204e-06 14368.59960938
15157039 157.610474537037 2.67061582723378 8.31274932668468e-06 11804.59960938
15157045 157.631458333333 2.71269997193987 5.42465440151142e-06 18091.00000000
15157046 157.654502314815 2.67602867441675 5.89651214584936e-06 13368.00000000
15157047 157.676006944444 2.58815951825672 5.56477573493942e-06 12250.00000000
15158024 158.182094907407 2.72185606344388 5.41105301785251e-06 13032.40039062
15158025 158.205358796296 2.75542937359268 4.20604464951918e-06 13732.40039062
15158026 158.238449074074 2.72948950384879 4.46315212985876e-06 14220.79980469
15158027 158.270613425926 2.64679200221752 5.48963632362527e-06 13274.40039062
15158057 158.778425925926 2.69151809041192 5.55373456501598e-06 13027.79980469
15158058 158.799907407407 2.73118978513166 5.26289266950317e-06 13074.59960938
15158059 158.822453703704 2.72536605393848 5.31713716108963e-06 13730.59960938
15158060 158.844479166667 2.69736708419013 5.66331275134094e-06 13476.20019531
15158061 158.86587962963 2.62487131252914 5.7042920691303e-06 12577.59960938
15159016 159.2725 2.67089024665006 5.26892742791403e-06 15172.20019531
15159017 159.298773148148 2.70281141041791 5.46210212106281e-06 17383.40039062
15159018 159.320243055556 2.66941984061903 5.10590952890105e-06 13300.59960938
15159019 159.347581018519 2.60639002910951 5.4283564226544e-06 12086.79980469
15159038 159.761828703704 2.6754840312929 1.50885197217815e-05 12776.40039062
15159039 159.769594907407 2.71416996085674 5.51330727081575e-06 12432.79980469
15159040 159.791157407407 2.73511194793586 5.26986240268494e-06 13737.20019531
15159041 159.812685185185 2.72153124980618 5.54820102685236e-06 13770.59960938
15159042 159.834016203704 2.68239969200731 5.64007310954251e-06 13570.79980469
15159043 159.855324074074 2.62177064750328 5.45830936299678e-06 12493.20019531
15159044 159.882986111111 2.53738293127511 8.92146272813207e-06 11292.79980469
15160027 160.497337962963 2.72763470822326 4.50738440510502e-06 12321.79980469
15160029 160.530173611111 2.73918314050867 5.85512540382086e-06 13838.40039062
15160030 160.54994212963 2.7149628933768 5.1802403362304e-06 13699.40039062
15160032 160.575243055556 2.6627277838001 6.47754551862168e-06 12944.40039062
15160050 160.983703703704 2.69082335562136 5.98183003425377e-06 12381.79980469
15161001 161.005902777778 2.7285698022419 5.54655277668514e-06 13140.59960938
15161002 161.027199074074 2.73227153457462 5.7069062440802e-06 13805.20019531
15161003 161.049016203704 2.70452981871696 5.40651188968882e-06 13830.00000000
15161004 161.071041666667 2.62432077326785 6.48232088136223e-06 12912.40039062
15161036 161.584502314815 2.6725546462972 5.72314090640739e-06 11648.40039062
15161037 161.606388888889 2.70699121377152 9.11907406436284e-06 12954.79980469
15161043 161.630046296296 2.7099048250632 1.0869818120654e-05 13349.00000000
15161048 161.651574074074 2.39213860429651 1.87283656047389e-05 7561.20019531
15161049 161.658229166667 2.43812582204694 2.06102425426243e-05 7815.60009766
15161053 161.674039351852 2.38414642536735 1.92684887921505e-05 7509.60009766
15161054 161.680462962963 2.40204271973487 1.29677257429052e-05 7048.20019531
15161055 161.692974537037 2.41176897581203 1.51110092628634e-05 7563.00000000
15161057 161.706076388889 2.40897739974391 9.35162606493418e-06 7373.20019531
15161058 161.727847222222 2.40413530844661 1.30794211759928e-05 7704.60009766
15162004 162.14306712963 2.44659598832754 6.69703772900408e-06 12749.00000000
15162005 162.165474537037 2.73678623317685 5.54586353425571e-06 13436.00000000
15162006 162.186585648148 2.73890186726044 7.54135941414564e-06 14017.79980469
15162010 162.235590277778 2.70124091195754 5.84962932122092e-06 13173.20019531
15162011 162.257488425926 2.73923392282454 4.98117026828446e-06 13368.59960938
15162012 162.281134259259 2.74068013415122 6.09794470275872e-06 13862.59960938
15162013 162.302881944444 2.70734976461048 5.28975832381593e-06 13905.00000000
15162014 162.325960648148 2.59905708126178 7.65518176618278e-06 13109.59960938
15162041 162.759699074074 2.72981785590838 5.45367923906072e-06 13259.40039062
15162042 162.781493055556 2.76064903216503 5.72850826724946e-06 13871.59960938
15162043 162.803287037037 2.76240493121958 1.12848540162827e-05 14309.00000000
15162044 162.808460648148 2.74711305356558 5.4713588047283e-06 14266.40039062
15162045 162.829861111111 2.71325206434315 5.61614938507166e-06 13646.20019531
15162046 162.851527777778 2.68746167382519 7.85626148282905e-06 13260.79980469
15163017 163.253078703704 2.7389730571952 5.21246909375579e-06 13583.40039062
15163018 163.27724537037 2.76725082481715 5.67942907585533e-06 14025.59960938
15163019 163.298425925926 2.76580109090219 5.85610855595746e-06 14588.79980469
15163020 163.320335648148 2.72908644105386 5.75739509424474e-06 14211.40039062
15163021 163.343587962963 2.65022007626231 6.69564165557701e-06 13349.79980469
15163048 163.75224537037 2.68841223940327 5.72227046804138e-06 11504.59960938
15163049 163.773703703704 2.75996852899906 4.56076798630852e-06 13456.79980469
15163050 163.802708333333 2.76567386993451 1.13297403295062e-05 14170.00000000
15163051 163.808055555556 2.7427688758111 5.21878669372805e-06 13980.79980469
15163052 163.829861111111 2.68403098590455 5.56152096629179e-06 13313.59960938
15163053 163.851168981481 2.64941700072515 1.14884912708679e-05 12108.20019531
15164023 164.362777777778 2.62728078741171 6.4419612263004e-06 10084.20019531
15164024 164.385069444444 2.69535256650218 7.32696832250883e-06 12013.79980469
15164028 164.408194444444 2.73499098646226 8.51127265026421e-06 13470.79980469
15164029 164.421087962963 3.77785393565531 8.46676258440611e-05 13632.59960938
15164030 164.422083333333 2.72174514270919 5.63532018190947e-06 13588.40039062
15164032 164.446585648148 2.66790731301433 7.33373162698077e-06 12975.00000000
15164060 164.809537037037 2.74084375515509 5.22049577091818e-06 12947.59960938
15164061 164.830833333333 2.77483567772633 1.52869336928405e-05 14077.59960938
15164062 164.837800925926 2.79385088510071 5.16401205877297e-06 14339.00000000
15164063 164.856574074074 2.79718901718622 1.06554723460157e-05 14860.59960938
15164064 164.861400462963 2.78777692176337 7.95263747354021e-06 14647.20019531
15164065 164.87125 2.76463839345148 5.40251418084564e-06 14548.40039062
15164066 164.892766203704 2.71888494373732 6.24399594345258e-06 13704.59960938
15165007 165.092430555556 2.39234439362349 2.04177601343247e-05 8820.00000000
15165008 165.099699074074 2.39276571610089 1.23722517263669e-05 8583.40039062
15165009 165.116215277778 2.37416705995943 1.48509710425825e-05 7881.39990234
15165021 165.339780092593 2.74891143550121 5.18779769244565e-06 17478.50000000
15165022 165.361979166667 2.77913521222479 5.79099789626108e-06 19597.87890625
15165023 165.388587962963 2.75409209365083 5.02833594331869e-06 19682.01953125
15165024 165.410949074074 2.70059647913316 5.39020286059808e-06 18684.66015625
15165025 165.433391203704 2.53412071694986 8.23874250471902e-06 16797.22070312
15165049 165.839664351852 2.75533334563687 5.36888177847668e-06 13426.79980469
15165050 165.861666666667 2.79515022954694 5.51568569481158e-06 14388.20019531
15165051 165.882268518519 2.80329083442027 1.08090120323677e-05 14871.79980469
15165052 165.888171296296 2.79179381767211 1.3711402105181e-05 14918.20019531
15165053 165.893217592593 2.76376044250906 6.42989637055885e-06 14704.59960938
15165054 165.91193287037 2.72805472559324 5.24636682753992e-06 14068.20019531
15165055 165.93994212963 2.69160521250789 1.74006453007502e-05 13017.20019531
15166013 166.194421296296 2.33676591982523 1.63241784682044e-05 5921.60009766
15166023 166.337106481481 2.65425664800238 8.42456976448275e-06 11121.59960938
15166024 166.348055555556 2.71151703756612 5.23785404818303e-06 12230.20019531
15166025 166.36994212963 2.73456560718485 6.94987783294097e-06 13336.59960938
15166026 166.386041666667 2.72501483338788 5.80841764012917e-06 13472.40039062
15166027 166.4078125 2.70453823723134 6.77695970045689e-06 13221.59960938
15166028 166.423009259259 2.65312761311297 5.79309933183594e-06 12765.20019531
15167001 167.019571759259 2.71080416581046 5.60525531252006e-06 12093.20019531
15167002 167.041238425926 2.74950188346328 6.52781734163959e-06 13342.20019531
15167006 167.083993055556 2.70639092437224 5.83071376847887e-06 13326.79980469
15167007 167.104247685185 2.67260525185924 7.26291506902844e-06 12740.20019531
