15153036 153.5675 0.0675895132502168 3.28739989796304e-05 310.05841064
15153037 153.589768518519 0.0654286799756637 3.27764174395246e-05 304.34979248
15153038 153.611493055556 0.0645746870875182 4.96689030398643e-05 284.62500000
15154007 154.119664351852 0.0813054424898638 3.15639645684854e-05 269.24261475
15154008 154.150428240741 0.0712396334965024 4.63286208690397e-05 305.55960083
15154009 154.162476851852 0.067742353909108 3.27327345116042e-05 313.48999023
15154010 154.1846875 0.0657778444017569 3.46038368783276e-05 312.20199585
15154011 154.205752314815 0.0636068500007531 3.13885694463312e-05 291.16619873
15155004 155.10474537037 0.082388450004716 6.03346245818393e-05 284.48239136
15155005 155.113842592593 0.0750147834688493 3.42871989949651e-05 292.00338745
15155006 155.136446759259 0.068171875157913 2.70130780067484e-05 313.92242432
15155007 155.168668981481 0.0648676088403721 2.64364632106813e-05 311.62701416
15155008 155.201180555556 0.0646923231643267 3.31541883729454e-05 281.81900024
15155009 155.223275462963 0.0559446765687291 7.21660080468085e-05 264.14120483
15156001 156.012210648148 0.0670182296571064 2.64393669581249e-05 300.97799683
15156002 156.046481481481 0.0648236385187533 2.62166824398e-05 312.09619141
15156003 156.078761574074 0.06438306772883 2.86022298236107e-05 293.20401001
15156004 156.109189814815 0.0612404749697529 3.71726386224151e-05 265.88000488
15156010 156.153425925926 0.0599234333272868 3.41567105306452e-05 179.03659058
15156011 156.181458333333 0.0649919316195415 4.74098099436924e-05 183.58139038
15156014 156.216053240741 0.067009704715009 4.23789149964977e-05 179.46900940
15156039 156.871990740741 0.085542500654068 9.33314382083135e-05 312.27099609
15156040 156.876516203704 0.078567936120527 3.56267998201704e-05 300.15921021
15156041 156.898483796296 0.0702598598276006 3.30705596823217e-05 318.73858643
15156042 156.920185185185 0.0659558740657779 3.23827251335516e-05 331.82098389
15157004 157.080381944444 0.081217878194224 3.76085457346865e-05 302.53280640
15157005 157.100474537037 0.075654280765084 0.000135681234331617 316.83419800
15157006 157.107905092593 0.068762127381357 2.73198370483421e-05 324.57141113
15157007 157.140393518518 0.0642767921549439 3.47261883812749e-05 326.53558350
15157009 157.161435185185 0.0618292787389237 2.82473078052887e-05 309.89279175
15157034 157.586041666667 0.0718104623801849 5.03363473748153e-05 330.47781372
15157039 157.610474537037 0.0686453086860199 4.84666676541877e-05 271.50579834
15157045 157.631458333333 0.0665594105513089 3.24767311314784e-05 416.09301758
15157046 157.654502314815 0.0656606061072473 3.38327918863881e-05 307.46398926
15157047 157.676006944444 0.0648439710849952 2.88389185664094e-05 281.75000000
15158024 158.182094907407 0.0799273889366657 3.54503554146689e-05 299.74517822
15158025 158.205358796296 0.0693281774364586 2.68829142065978e-05 315.84518433
15158026 158.238449074074 0.0650538504425941 2.69379105358042e-05 327.07839966
15158027 158.270613425926 0.0628429329336496 3.00898037551726e-05 305.31121826
15158057 158.778425925926 0.0835418726785789 3.6296332354197e-05 299.63940430
15158058 158.799907407407 0.0728675025379263 3.35713099701934e-05 300.71578979
15158059 158.822453703704 0.0675717178155862 3.26042264102172e-05 315.80380249
15158060 158.844479166667 0.0652868267763942 3.31789925715052e-05 309.95260620
15158061 158.86587962963 0.0634796256992526 3.03085647647895e-05 289.28479004
15159016 159.2725 0.0802103922037181 3.29438474983469e-05 348.96060181
15159017 159.298773148148 0.0706105208748611 3.34231618706986e-05 399.81820679
15159018 159.320243055556 0.0664717957680311 2.93203747808691e-05 305.91378784
15159019 159.347581018519 0.0653798404800574 2.8796974634751e-05 277.99639893
15159038 159.761828703704 0.0883038143101658 0.000102497632889408 293.85720825
15159039 159.769594907407 0.0781282940321903 3.5699523936036e-05 285.95440674
15159040 159.791157407407 0.0694599297371077 3.30625133193816e-05 315.95559692
15159041 159.812685185185 0.0670057931216997 3.36810600027452e-05 316.72381592
15159042 159.834016203704 0.0650036698363563 3.25325337236006e-05 312.12838745
15159043 159.855324074074 0.0648594917276842 2.9503001482423e-05 287.34359741
15159044 159.882986111111 0.0632861901116004 4.31577068274748e-05 259.73440552
15160027 160.497337962963 0.0774943326001825 2.93026708107978e-05 283.40139771
15160029 160.530173611111 0.0670137189088389 3.60545968361577e-05 318.28320312
15160030 160.54994212963 0.064950722334603 3.1002865791091e-05 315.08621216
15160032 160.575243055556 0.0629116738171686 3.59593881385972e-05 297.72119141
15160050 160.983703703704 0.0825967060398878 3.84844666864844e-05 284.78140259
15161001 161.005902777778 0.0723881444520352 3.51845036856075e-05 302.23379517
15161002 161.027199074074 0.0676489775859144 3.5220555477947e-05 317.51959229
15161003 161.049016203704 0.0653593524868069 3.20714721369049e-05 318.08999634
15161004 161.071041666667 0.0631483287865162 3.44489196701853e-05 296.98519897
15161036 161.584502314815 0.0824270590988231 3.64276052643697e-05 267.91320801
15161037 161.606388888889 0.0747061154166307 5.74424445373134e-05 297.96038818
15161043 161.630046296296 0.0691949243377897 6.58511834534682e-05 307.02700806
15161048 161.651574074074 0.051131831444037 7.06124906791435e-05 173.90760803
15161049 161.658229166667 0.0541125243548657 8.49301503656963e-05 179.75880432
15161053 161.674039351852 0.0503698609352192 7.09753062818654e-05 172.72079468
15161054 161.680462962963 0.0518751269369521 4.95011192215625e-05 162.10861206
15161055 161.692974537037 0.0538201487252769 5.92116656531082e-05 173.94900513
15161057 161.706076388889 0.0549753166102362 3.69730043679631e-05 169.58360291
15161058 161.727847222222 0.0566764434475974 5.22304264875667e-05 177.20579529
15162004 162.14306712963 0.0685849933043212 3.09375291083863e-05 293.22698975
15162005 162.165474537037 0.0718130883038653 3.53727310853299e-05 309.02801514
15162006 162.186585648148 0.0678649145948812 4.68587461961153e-05 322.40939331
15162010 162.235590277778 0.0820887027140371 3.80404942828579e-05 302.98358154
15162011 162.257488425926 0.0717960780628373 3.19321232048865e-05 307.47781372
15162012 162.281134259259 0.0666507180741429 3.76722072000584e-05 318.83978271
15162013 162.302881944444 0.0646242964839653 3.11706291134079e-05 319.81500244
15162014 162.325960648148 0.0600108796310879 3.84568367102664e-05 301.52081299
15162041 162.759699074074 0.0805732748189412 3.63314991939161e-05 304.96621704
15162042 162.781493055556 0.0711270079288705 3.71904184783272e-05 319.04681396
15162043 162.803287037037 0.0676692357417833 7.24264695437284e-05 329.10699463
15162044 162.808460648148 0.0662156958846097 3.39942835325418e-05 328.12719727
15162045 162.829861111111 0.0643980516045263 3.32734056675789e-05 313.86260986
15162046 162.851527777778 0.0633843428087572 4.51240868840203e-05 304.99838257
15163017 163.253078703704 0.0802369024080287 3.50489705619826e-05 312.41818237
15163018 163.27724537037 0.0707829857375063 3.70683579513791e-05 322.58880615
15163019 163.298425925926 0.0665221381019271 3.71008627704696e-05 335.54241943
15163020 163.320335648148 0.0647064457932259 3.47360384522659e-05 326.86221313
15163021 163.343587962963 0.0624577216411079 3.68132416794924e-05 307.04541016
15163048 163.75224537037 0.0730193292052447 3.50387905953228e-05 264.60580444
15163049 163.773703703704 0.0721937469658591 2.99189517662041e-05 309.50640869
15163050 163.802708333333 0.0704704281664887 7.42502637828683e-05 325.91000366
15163051 163.808055555556 0.0703187870496222 3.3300412017004e-05 321.55841064
15163052 163.829861111111 0.0700997485118068 3.33700845413408e-05 306.21279907
15163053 163.851168981481 0.0705255997690683 6.66398595997209e-05 278.48858643
15164023 164.362777777778 0.0828759009315505 3.87424265340229e-05 231.93659973
15164024 164.385069444444 0.0748840422570619 4.54111991393956e-05 276.31741333
15164028 164.408194444444 0.0734830454520816 5.46986705754966e-05 309.82839966
15164029 164.421087962963 0.0955561455579671 0.00154774518274422 313.54980469
15164030 164.422083333333 0.0718136459670162 3.54290544441031e-05 312.53320312
15164032 164.446585648148 0.0699523684970023 4.32178399564981e-05 298.42498779
15164060 164.809537037037 0.0828879856632435 3.58365669914103e-05 297.79479980
15164061 164.830833333333 0.0790696601648444 0.00010637010014418 323.78479004
15164062 164.837800925926 0.0759296228540981 3.59895721002604e-05 329.79699707
15164063 164.856574074074 0.073974210770614 7.39773324557696e-05 341.79379272
15164064 164.861400462963 0.0732248946498112 5.40855373002195e-05 336.88558960
15164065 164.87125 0.0712025421476887 3.53357712797327e-05 334.61322021
15164066 164.892766203704 0.0709862000376613 3.89324834921588e-05 315.20581055
15165007 165.092430555556 0.078335866390674 9.3223434230632e-05 202.86000061
15165008 165.099699074074 0.0970531387196091 6.17764370946844e-05 197.41819763
15165009 165.116215277778 0.0999831029246928 7.36799078722022e-05 181.27220154
15165021 165.339780092593 0.0837408624737782 3.59412110442379e-05 402.00549316
15165022 165.361979166667 0.0767431113885842 3.97561080122902e-05 450.75122070
15165023 165.388587962963 0.0725675297576959 3.28872115726729e-05 452.68646240
15165024 165.410949074074 0.0718229813311919 3.32640839397401e-05 429.74716187
15165025 165.433391203704 0.0712094048151212 4.22413923692555e-05 386.33605957
15165049 165.839664351852 0.0812504746348368 3.677372939433e-05 308.81640625
15165050 165.861666666667 0.0757968735921914 3.83124713510196e-05 330.92858887
15165051 165.882268518519 0.0734604009791664 7.47220091513838e-05 342.05139160
15165052 165.888171296296 0.0727611833237765 9.37087429042228e-05 343.11859131
15165053 165.893217592593 0.0727546548192858 4.17228852706586e-05 338.20581055
15165054 165.91193287037 0.0705885965216612 3.30265086811497e-05 323.56860352
15165055 165.93994212963 0.0703421470505326 0.000104756551847925 299.39559937
15166013 166.194421296296 0.106431270468511 7.91642416237835e-05 136.19680786
15166023 166.337106481481 0.0900317163501059 5.47163738438891e-05 255.79679871
15166024 166.348055555556 0.0822105386253534 3.48059219107438e-05 281.29461670
15166025 166.36994212963 0.0778636401871939 4.57821806723617e-05 306.74179077
15166026 166.386041666667 0.0742707821630601 3.71878279568628e-05 309.86520386
15166027 166.4078125 0.0732671761598971 4.22689308264412e-05 304.09680176
15166028 166.423009259259 0.0715973181865092 3.38309243215164e-05 293.59960938
15167001 167.019571759259 0.0831425351339575 3.71475967253767e-05 278.14361572
15167002 167.041238425926 0.0775306143283744 4.35871401157744e-05 306.87060547
15167006 167.083993055556 0.072018134310077 3.60591830780742e-05 306.51641846
15167007 167.104247685185 0.0685727836623602 4.24737072778509e-05 293.02459717
