15153036 153.5675 1.00001026293023 0.000102662514580493 310.05841064
15153037 153.589768518519 0.999951328019153 0.000106395625400392 304.34979248
15153038 153.611493055556 1.00005026529348 0.000164916059535549 284.62500000
15154007 154.119664351852 1.00004096063844 9.81552616540275e-05 269.24261475
15154008 154.150428240741 0.999796977755158 0.000143484168939478 305.55960083
15154009 154.162476851852 1.00000646492672 0.00010252865193011 313.48999023
15154010 154.1846875 1.00000874172778 0.000105570725282083 312.20199585
15154011 154.205752314815 1.0000615922122 0.000104591302645012 291.16619873
15155004 155.10474537037 0.999983711550957 0.00018299525803898 284.48239136
15155005 155.113842592593 1.00000711105043 0.000105581267108999 292.00338745
15155006 155.136446759259 0.999961870551616 8.31390114226144e-05 313.92242432
15155007 155.168668981481 1.00001040405362 8.33511082645919e-05 311.62701416
15155008 155.201180555556 0.999972942482845 0.000111311859659052 281.81900024
15155009 155.223275462963 1.00027673615979 0.000234588845986487 264.14120483
15156001 156.012210648148 1.00003787012402 8.30684736878468e-05 300.97799683
15156002 156.046481481481 0.999962639631323 8.38521179369429e-05 312.09619141
15156003 156.078761574074 1.00002750560927 9.29425534947994e-05 293.20401001
15156004 156.109189814815 0.999943868537998 0.000125703535451279 265.88000488
15156010 156.153425925926 1.0002654227718 0.000119223435573154 179.03659058
15156011 156.181458333333 1.00000977984153 0.000158580955767563 183.58139038
15156014 156.216053240741 0.999875396170541 0.000136833903027601 179.46900940
15156039 156.871990740741 0.999998395148926 0.000248022161365737 312.27099609
15156040 156.876516203704 0.999949611342007 0.000102881594693547 300.15921021
15156041 156.898483796296 1.0001134838664 9.89075907508793e-05 318.73858643
15156042 156.920185185185 0.999936922766059 9.54250925043197e-05 331.82098389
15157004 157.080381944444 0.999974259986667 0.00011147294274788 302.53280640
15157005 157.100474537037 0.99835896356797 0.000394777657756932 316.83419800
15157006 157.107905092593 0.999950546901463 7.78914396676372e-05 324.57141113
15157007 157.140393518518 1.00014391372294 0.000103354004664158 326.53558350
15157009 157.161435185185 1.00006298454984 8.7439176641631e-05 309.89279175
15157034 157.586041666667 1.00013923055884 0.000140703050754221 330.47781372
15157039 157.610474537037 1.00007534200453 0.000166298737252704 271.50579834
15157045 157.631458333333 1.00003861411168 8.23517252063611e-05 416.09301758
15157046 157.654502314815 1.00014216260301 0.000105849656402793 307.46398926
15157047 157.676006944444 0.999952121198677 9.50856290665746e-05 281.75000000
15158024 158.182094907407 1.00001728517128 0.000101867967169771 299.74517822
15158025 158.205358796296 0.999974331604577 8.2495216141773e-05 315.84518433
15158026 158.238449074074 0.999920007932013 8.10852458270147e-05 327.07839966
15158027 158.270613425926 1.00003988486459 0.000100120718454068 305.31121826
15158057 158.778425925926 1.00003394184033 0.00010732623441091 299.63940430
15158058 158.799907407407 1.00001635272532 0.000104816953470262 300.71578979
15158059 158.822453703704 0.99999529362626 0.000102499343248142 315.80380249
15158060 158.844479166667 1.00003897312173 0.000106820098865771 309.95260620
15158061 158.86587962963 0.999989252211269 9.92907005149104e-05 289.28479004
15159016 159.2725 0.999990249784083 8.66966411415799e-05 348.96060181
15159017 159.298773148148 1.00002603560474 8.99748625109542e-05 399.81820679
15159018 159.320243055556 1.0000073964324 9.50805099599016e-05 305.91378784
15159019 159.347581018519 0.999998357173804 9.79133273521556e-05 277.99639893
15159038 159.761828703704 0.995560451514393 0.000265943039274874 293.85720825
15159039 159.769594907407 0.999995941571235 0.000112491476947208 285.95440674
15159040 159.791157407407 1.00015401192641 0.000102751758437294 315.95559692
15159041 159.812685185185 0.999956436791324 0.000101952702409597 316.72381592
15159042 159.834016203704 1.00001480244712 0.000105613043920568 312.12838745
15159043 159.855324074074 0.999990548349545 0.000100377704300631 287.34359741
15159044 159.882986111111 1.00002472210883 0.000145942816465604 259.73440552
15160027 160.497337962963 1.0000560949854 9.58611297300543e-05 283.40139771
15160029 160.530173611111 0.999869777041602 0.000106624697347815 318.28320312
15160030 160.54994212963 1.00014225796117 0.000102085783721151 315.08621216
15160032 160.575243055556 0.999953069421427 0.000119153951554814 297.72119141
15160050 160.983703703704 0.999989501221542 0.000115462070647962 284.78140259
15161001 161.005902777778 1.00000760397276 0.000110080156909717 302.23379517
15161002 161.027199074074 0.999960827010601 0.000110025349856778 317.51959229
15161003 161.049016203704 1.00006242271174 0.000103489113222771 318.08999634
15161004 161.071041666667 1.0000551147478 0.000114737261539596 296.98519897
15161036 161.584502314815 0.999899264300011 0.00011585063399526 267.91320801
15161037 161.606388888889 0.999932407757435 0.000182458976905252 297.96038818
15161043 161.630046296296 0.999857603117049 0.000196684786913129 307.02700806
15161048 161.651574074074 0.999986860785549 0.000268405767119406 173.90760803
15161049 161.658229166667 0.997963192043897 0.000339095620493103 179.75880432
15161053 161.674039351852 1 2.09089145709494e-06 172.72079468
15161054 161.680462962963 1.00001317765826 0.000193083007050108 162.10861206
15161055 161.692974537037 0.999990275345654 0.000226989902116686 173.94900513
15161057 161.706076388889 1.00001098850399 0.000139149967668769 169.58360291
15161058 161.727847222222 1.00006968771922 0.000190162039968833 177.20579529
15162004 162.14306712963 1.00002397616679 0.00010998938998118 293.22698975
15162005 162.165474537037 1.00000662562383 0.000108346222442441 309.02801514
15162006 162.186585648148 1.00004920959169 0.000140398440597621 322.40939331
15162010 162.235590277778 0.999995500292314 0.0001098814435071 302.98358154
15162011 162.257488425926 1.00004764112632 0.000101084277131609 307.47781372
15162012 162.281134259259 0.999909760377501 0.000115725767071108 318.83978271
15162013 162.302881944444 1.00000521603678 9.7526663980119e-05 319.81500244
15162014 162.325960648148 1.00000995991279 0.00012758278548032 301.52081299
15162041 162.759699074074 1.00000393941352 0.00010881505191547 304.96621704
15162042 162.781493055556 0.999916961368096 0.000111279084706647 319.04681396
15162043 162.803287037037 1.00011992924878 0.000227576600799654 329.10699463
15162044 162.808460648148 0.999945626809763 0.000104067843400385 328.12719727
15162045 162.829861111111 1.00005447265811 0.000107168552070938 313.86260986
15162046 162.851527777778 1.00000231251083 0.000151968764460246 304.99838257
15163017 163.253078703704 0.999971343750075 0.000103274277682427 312.41818237
15163018 163.27724537037 0.999906026714629 0.000109913425828773 322.58880615
15163019 163.298425925926 0.999999825939152 0.00011030277145107 335.54241943
15163020 163.320335648148 1.00001206214799 0.000107358006200553 326.86221313
15163021 163.343587962963 1.00003692259346 0.00012247797041485 307.04541016
15163048 163.75224537037 0.999994446895203 0.0001151530446869 264.60580444
15163049 163.773703703704 1.00003839841999 9.14298355582113e-05 309.50640869
15163050 163.802708333333 1.00019256074943 0.000226766130816785 325.91000366
15163051 163.808055555556 0.99992656900876 0.000101086906480192 321.55841064
15163052 163.829861111111 0.999993034850692 0.000104053797356483 306.21279907
15163053 163.851168981481 1.00009463569341 0.000219182507275345 278.48858643
15164023 164.362777777778 0.999997219766639 0.000121071119799279 231.93659973
15164024 164.385069444444 0.999941687281737 0.000145620594349145 276.31741333
15164028 164.408194444444 1.00011203277391 0.00016502090779841 309.82839966
15164029 164.421087962963 1.14272651070639 0.0039691577928495 313.54980469
15164030 164.422083333333 1.00003146156028 0.000107498690382087 312.53320312
15164032 164.446585648148 0.999997259460083 0.000137584468203027 298.42498779
15164060 164.809537037037 1.00003422874809 0.000106156696839343 297.79479980
15164061 164.830833333333 1.00013899072589 0.000311785221878251 323.78479004
15164062 164.837800925926 0.999985958978761 0.000105306372156617 329.79699707
15164063 164.856574074074 0.999914811752744 0.000220778042975209 341.79379272
15164064 164.861400462963 1.00002451402206 0.00015513187080222 336.88558960
15164065 164.87125 0.999984454294672 0.00010268450917051 334.61322021
15164066 164.892766203704 0.999975653445157 0.000118306567278157 315.20581055
15165007 165.092430555556 0.99992055124022 0.000257786057507989 202.86000061
15165008 165.099699074074 0.999833778550969 0.000151581701912234 197.41819763
15165009 165.116215277778 1.00010336746807 0.000175318521153917 181.27220154
15165021 165.339780092593 0.999935321852766 8.8017378509477e-05 402.00549316
15165022 165.361979166667 1.00009985775127 9.88182801538452e-05 450.75122070
15165023 165.388587962963 1.00003168744632 8.51211036810029e-05 452.68646240
15165024 165.410949074074 1.00006188083662 8.68195365226761e-05 429.74716187
15165025 165.433391203704 0.999996519584268 9.97985893769993e-05 386.33605957
15165049 165.839664351852 0.999901975766618 0.0001045865501188 308.81640625
15165050 165.861666666667 0.999946486793886 0.000107031973946493 330.92858887
15165051 165.882268518519 1.00023510717157 0.000206224298301406 342.05139160
15165052 165.888171296296 0.999154187283003 0.000270265266097978 343.11859131
15165053 165.893217592593 1.00000801943126 0.000110896143037804 338.20581055
15165054 165.91193287037 0.999951327754213 9.98615719463136e-05 323.56860352
15165055 165.93994212963 1.00016504219774 0.00032404533298471 299.39559937
15166013 166.194421296296 0.999862799152422 0.000178261337221977 136.19680786
15166023 166.337106481481 0.999959823183932 0.000170685548041572 255.79679871
15166024 166.348055555556 1.00014600877396 0.000108584780653912 281.29461670
15166025 166.36994212963 1.00001503845035 0.000134464719426981 306.74179077
15166026 166.386041666667 0.999985728318877 0.000111834072758492 309.86520386
15166027 166.4078125 0.999962279668415 0.00013090710103882 304.09680176
15166028 166.423009259259 1.00002645127555 0.000106781718775358 293.59960938
15167001 167.019571759259 1.00003692136267 0.000115051808901144 278.14361572
15167002 167.041238425926 1.00001364462283 0.000130184637474766 306.87060547
15167006 167.083993055556 0.999927887274062 0.000109704378741172 306.51641846
15167007 167.104247685185 0.999992737546336 0.000140520981116992 293.02459717
