15153036 153.5675 0.0164786531106286 2.76476584007717e-05 8.98720074
15153037 153.589768518519 0.0163269121741623 2.8348709182253e-05 8.82173347
15153038 153.611493055556 0.016245948193529 4.36121528272736e-05 8.25000095
15154007 154.119664351852 0.0168295582837004 2.27089815402308e-05 7.80413342
15154008 154.150428240741 0.0163445850525952 3.68681765292051e-05 8.85680008
15154009 154.162476851852 0.0161801526975478 2.71489892190184e-05 9.08666706
15154010 154.1846875 0.0159712962770997 2.94375036941645e-05 9.04933357
15154011 154.205752314815 0.0158430164464483 2.75857649324623e-05 8.43960094
15155004 155.10474537037 0.0166359408018753 4.25627393076558e-05 8.24586678
15155005 155.113842592593 0.0164306729390377 2.61798223707969e-05 8.46386719
15155006 155.136446759259 0.0159017575028514 2.21447279448064e-05 9.09920025
15155007 155.168668981481 0.0157167498614617 2.26369845695219e-05 9.03266716
15155008 155.201180555556 0.0154288645672199 2.84163740455678e-05 8.16866684
15155009 155.223275462963 0.0154888608079868 7.08471882730699e-05 7.65626669
15156001 156.012210648148 0.0158359324330639 2.19006132692769e-05 8.72399998
15156002 156.046481481481 0.0158993367169414 2.25637413939339e-05 9.04626656
15156003 156.078761574074 0.0158146800286003 2.48956129398458e-05 8.49866676
15156004 156.109189814815 0.0155678476248876 3.36755487122052e-05 7.70666695
15156010 156.153425925926 0.0155216212200643 3.1660244213446e-05 5.18946695
15156011 156.181458333333 0.0157431244211069 4.15160195323556e-05 5.32119989
15156014 156.216053240741 0.0154472947897434 3.5695729595269e-05 5.20200062
15156039 156.871990740741 0.0162773598510754 6.25454796189532e-05 9.05133343
15156040 156.876516203704 0.0162610763399505 2.58475023036085e-05 8.70026779
15156041 156.898483796296 0.0160871201795164 2.64193385922525e-05 9.23880005
15156042 156.920185185185 0.0159837211698666 2.73050439040982e-05 9.61800003
15157004 157.080381944444 0.0164088649062311 2.66144955106736e-05 8.76906776
15157005 157.100474537037 0.0162241554145144 0.000101741893398227 9.18360043
15157006 157.107905092593 0.0159542454471406 2.20878415339935e-05 9.40786743
15157007 157.140393518518 0.0158069639539061 2.98180142118446e-05 9.46479988
15157009 157.161435185185 0.0155881645096331 2.50751215001958e-05 8.98240089
15157034 157.586041666667 0.016828962387524 3.96163874139736e-05 9.57906723
15157039 157.610474537037 0.0166192147454081 4.0206471178268e-05 7.86973381
15157045 157.631458333333 0.0162851618905051 2.73753079297457e-05 12.06066704
15157046 157.654502314815 0.0160838874254157 2.89918108816213e-05 8.91200066
15157047 157.676006944444 0.0160280825581579 2.51388602307631e-05 8.16666698
15158024 158.182094907407 0.017288175881625 2.60467138441344e-05 8.68826675
15158025 158.205358796296 0.016966476128148 2.23044011251846e-05 9.15493393
15158026 158.238449074074 0.0167995095915298 2.36561469962468e-05 9.48053360
15158027 158.270613425926 0.0164082004328553 2.71596752694841e-05 8.84959984
15158057 158.778425925926 0.0175789820898104 2.60143068545959e-05 8.68519974
15158058 158.799907407407 0.0170526686300812 2.6824280437878e-05 8.71640015
15158059 158.822453703704 0.016853673846519 2.77087325023433e-05 9.15373325
15158060 158.844479166667 0.0165545116777396 2.89191266250953e-05 8.98413372
15158061 158.86587962963 0.0163087027608677 2.70952337821916e-05 8.38506699
15159016 159.2725 0.0174924333158501 2.42595165047496e-05 10.11480045
15159017 159.298773148148 0.017075796270067 2.7291927799176e-05 11.58893394
15159018 159.320243055556 0.0166999215035266 2.52259662854483e-05 8.86706734
15159019 159.347581018519 0.0166130892425219 2.53264147495946e-05 8.05786705
15159038 159.761828703704 0.0172516876800147 6.83829075756361e-05 8.51760006
15159039 159.769594907407 0.0173576761068358 2.6944231944767e-05 8.28853321
15159040 159.791157407407 0.0170542638590249 2.74073727631097e-05 9.15813351
15159041 159.812685185185 0.0168111158914836 2.88359803279654e-05 9.18040085
15159042 159.834016203704 0.0167140121468261 2.86476239095535e-05 9.04720020
15159043 159.855324074074 0.0165800246182937 2.612167486218e-05 8.32880020
15159044 159.882986111111 0.0163460980114933 3.89258349452141e-05 7.52853394
15160027 160.497337962963 0.0171001375683381 2.22457712978832e-05 8.21453381
15160029 160.530173611111 0.0168820994078922 3.06457232663092e-05 9.22560024
15160030 160.54994212963 0.0166343685184913 2.70512444224989e-05 9.13293362
15160032 160.575243055556 0.0163404955942374 3.20255569770046e-05 8.62959957
15160050 160.983703703704 0.0174913221815625 2.77750097753754e-05 8.25453377
15161001 161.005902777778 0.0171414911229524 2.82610394533986e-05 8.76040077
15161002 161.027199074074 0.0168885228871737 2.99043078434663e-05 9.20346642
15161003 161.049016203704 0.0166680370883682 2.80221877575185e-05 9.22000027
15161004 161.071041666667 0.016536832505041 3.11200480838075e-05 8.60826683
15161036 161.584502314815 0.0173972748234142 2.63938044530579e-05 7.76560068
15161037 161.606388888889 0.0171385568101601 4.50182235388679e-05 8.63653374
15161043 161.630046296296 0.0168138629702689 5.46026715421237e-05 8.89933395
15161048 161.651574074074 0.0165382118424262 7.74189613801069e-05 5.04080057
15161049 161.658229166667 0.0165355245182481 8.84090774845665e-05 5.21040058
15161053 161.674039351852 0.0163293524076983 7.73626580279897e-05 5.00640011
15161054 161.680462962963 0.0162981456879179 5.3462605972888e-05 4.69880009
15161055 161.692974537037 0.0162331776065816 6.20453252787125e-05 5.04200029
15161057 161.706076388889 0.0161476828102803 3.7930349750362e-05 4.91546679
15161058 161.727847222222 0.0161339456529538 5.22562994315765e-05 5.13640022
15162004 162.14306712963 0.0176871124505144 2.64074215348269e-05 8.49933338
15162005 162.165474537037 0.0167271789745081 2.8235620602011e-05 8.95733356
15162006 162.186585648148 0.0163835178906427 3.89277088664909e-05 9.34520054
15162010 162.235590277778 0.0171311627005343 2.72219937734174e-05 8.78213406
15162011 162.257488425926 0.0168342965505654 2.56377790011625e-05 8.91240025
15162012 162.281134259259 0.0164382942216152 3.19144769415602e-05 9.24173355
15162013 162.302881944444 0.0164152901080679 2.72804823238602e-05 9.27000046
15162014 162.325960648148 0.0161687099103645 3.57235044301083e-05 8.73973370
15162041 162.759699074074 0.0172348255777977 2.65647078828385e-05 8.83960056
15162042 162.781493055556 0.0170465360199019 3.02261772682243e-05 9.24773312
15162043 162.803287037037 0.0163306071335788 6.02449919549534e-05 9.53933430
15162044 162.808460648148 0.0165891674557609 2.91425548954581e-05 9.51093388
15162045 162.829861111111 0.016212041728558 2.9070875543345e-05 9.09746742
15162046 162.851527777778 0.016344925334504 4.02170300529751e-05 8.84053326
15163017 163.253078703704 0.0168793635761938 2.54113010851276e-05 9.05560017
15163018 163.27724537037 0.0164634685305328 2.96852893462846e-05 9.35040092
15163019 163.298425925926 0.0164388840228635 3.13972376994993e-05 9.72586632
15163020 163.320335648148 0.0160762515161376 2.9997015751898e-05 9.47426796
15163021 163.343587962963 0.0160267004948322 3.29350049958449e-05 8.89986706
15163048 163.75224537037 0.0155182964687259 2.64578563837553e-05 7.66973352
15163049 163.773703703704 0.0156498417710849 2.29675396522779e-05 8.97120094
15163050 163.802708333333 0.0158101399369101 5.86925183474172e-05 9.44666767
15163051 163.808055555556 0.015827000274649 2.64669478644699e-05 9.32053471
15163052 163.829861111111 0.0158246664637712 2.66754610684759e-05 8.87573338
15163053 163.851168981481 0.0158580191418865 5.33434549002251e-05 8.07213402
15164023 164.362777777778 0.0168136983147345 2.75440583699816e-05 6.72280025
15164024 164.385069444444 0.0164857689082477 3.48394992729555e-05 8.00920010
15164028 164.408194444444 0.0164813179388783 4.25862773310646e-05 8.98053360
15164029 164.421087962963 0.0162451405443687 0.00101244775993709 9.08839989
15164030 164.422083333333 0.0162822701642442 2.80019761701247e-05 9.05893326
15164032 164.446585648148 0.0162155744549492 3.50482979004293e-05 8.64999962
15164060 164.809537037037 0.0163144881425886 2.47325192482976e-05 8.63173389
15164061 164.830833333333 0.0163838166282696 7.68952688588776e-05 9.38506699
15164062 164.837800925926 0.0163673233602228 2.68807445243216e-05 9.55933285
15164063 164.856574074074 0.0163408682330646 5.65165345141014e-05 9.90706730
15164064 164.861400462963 0.016234868894194 4.15967639810217e-05 9.76480007
15164065 164.87125 0.0162805515248402 2.7953082235054e-05 9.69893360
15164066 164.892766203704 0.016366325871224 3.11683231684972e-05 9.13640022
15165007 165.092430555556 0.0163441862112467 7.01214547208806e-05 5.88000011
15165008 165.099699074074 0.0164091811701456 3.85280498629421e-05 5.72226715
15165009 165.116215277778 0.0161830871095075 4.46389719742199e-05 5.25426674
15165021 165.339780092593 0.0168735999125318 2.48303007454824e-05 11.65233326
15165022 165.361979166667 0.0165741067607068 2.94042421154386e-05 13.06525326
15165023 165.388587962963 0.0163976117433942 2.55587231258319e-05 13.12134743
15165024 165.410949074074 0.0163429770702572 2.61830640298783e-05 12.45643997
15165025 165.433391203704 0.0162432462285859 3.35166020795457e-05 11.19814777
15165049 165.839664351852 0.0162016922762002 2.5635068147079e-05 8.95120049
15165050 165.861666666667 0.0161320659760276 2.84295345819047e-05 9.59213352
15165051 165.882268518519 0.0158259312113293 5.65625525368234e-05 9.91453362
15165052 165.888171296296 0.015930259435064 7.21134427846065e-05 9.94546700
15165053 165.893217592593 0.0163495182532953 3.23602390745499e-05 9.80306721
15165054 165.91193287037 0.0161390428631091 2.63119132347178e-05 9.37880039
15165055 165.93994212963 0.0163486385478774 8.48597940759546e-05 8.67813396
15166013 166.194421296296 0.0163561627465158 4.60323634345887e-05 3.94773364
15166023 166.337106481481 0.0167578011953273 3.58635152134571e-05 7.41440010
15166024 166.348055555556 0.0167759552718746 2.46670381660024e-05 8.15346718
15166025 166.36994212963 0.0166845091111516 3.39286039512715e-05 8.89106750
15166026 166.386041666667 0.0163250075479917 2.84190508820299e-05 8.98159981
15166027 166.4078125 0.0165018350422044 3.31035807781531e-05 8.81440067
15166028 166.423009259259 0.0165222932630486 2.70863544668508e-05 8.51013374
15167001 167.019571759259 0.016837297510023 2.60289219644548e-05 8.06213379
15167002 167.041238425926 0.0165092011396485 3.21847137749394e-05 8.89480114
15167006 167.083993055556 0.0163520948496734 2.84888223539425e-05 8.88453388
15167007 167.104247685185 0.0163114603213601 3.48255085510659e-05 8.49346733
