15153036 153.5675 0.004944219882798 1.52457273084114e-05 1.00000000
15153037 153.589768518519 0.00491602690535311 1.56376306160028e-05 1.00000000
15153038 153.611493055556 0.00485345893985201 2.39351469182993e-05 1.00000000
15154007 154.119664351852 0.00502857084643607 1.24780305721971e-05 1.00000000
15154008 154.150428240741 0.00487692044351476 2.02677106398763e-05 1.00000000
15154009 154.162476851852 0.00487617898149132 1.49834519525933e-05 1.00000000
15154010 154.1846875 0.00479674782930027 1.62215300925084e-05 1.00000000
15154011 154.205752314815 0.004755190100192 1.51759055837338e-05 1.00000000
15155004 155.10474537037 0.00496539923909732 2.33651714691724e-05 1.00000000
15155005 155.113842592593 0.00490723609645758 1.43968531188173e-05 1.00000000
15155006 155.136446759259 0.00472086621941928 1.21269208678204e-05 1.00000000
15155007 155.168668981481 0.00466896792924491 1.24068979505121e-05 1.00000000
15155008 155.201180555556 0.00461945467696481 1.56276951675097e-05 1.00000000
15155009 155.223275462963 0.00466381648067717 3.90434481609821e-05 1.00000000
15156001 156.012210648148 0.00477339490088747 1.20906337497175e-05 1.00000000
15156002 156.046481481481 0.00479005639687615 1.24566273529296e-05 1.00000000
15156003 156.078761574074 0.00477608428418326 1.37536083175713e-05 1.00000000
15156004 156.109189814815 0.00468710495062161 1.85636240745937e-05 1.00000000
15156010 156.153425925926 0.00470356433569015 1.75271977940836e-05 1.00000000
15156011 156.181458333333 0.00474050561114583 2.28808778289511e-05 1.00000000
15156014 156.216053240741 0.00466384253363193 1.97185274238322e-05 1.00000000
15156039 156.871990740741 0.00477638333393941 3.40741978212461e-05 1.00000000
15156040 156.876516203704 0.00483862302999692 1.41682991122649e-05 1.00000000
15156041 156.898483796296 0.00477076214787106 1.44532822967655e-05 1.00000000
15156042 156.920185185185 0.00480330720785293 1.50555742563864e-05 1.00000000
15157004 157.080381944444 0.00491452712595733 1.46463649102565e-05 1.00000000
15157005 157.100474537037 0.00485524469981498 5.59365137875821e-05 1.00000000
15157006 157.107905092593 0.00477146040682603 1.21563922880333e-05 1.00000000
15157007 157.140393518518 0.00469148394270265 1.63160134383173e-05 1.00000000
15157009 157.161435185185 0.00466256440525041 1.3797172749734e-05 1.00000000
15157034 157.586041666667 0.00506113443864658 2.18282851487043e-05 1.00000000
15157039 157.610474537037 0.00503358911646614 2.22645146710623e-05 1.00000000
15157045 157.631458333333 0.00489623905139301 1.50986745573983e-05 1.00000000
15157046 157.654502314815 0.00482798191134298 1.59731591605016e-05 1.00000000
15157047 157.676006944444 0.00484455618515886 1.38977463270348e-05 1.00000000
15158024 158.182094907407 0.00525786947795534 1.4442132663793e-05 1.00000000
15158025 158.205358796296 0.00517262790603739 1.23802467453353e-05 1.00000000
15158026 158.238449074074 0.00513995471030769 1.31817773985059e-05 1.00000000
15158027 158.270613425926 0.00500515183936392 1.50936407108099e-05 1.00000000
15158057 158.778425925926 0.00534858697014024 1.44313378668186e-05 1.00000000
15158058 158.799907407407 0.0051552671112074 1.4829057710964e-05 1.00000000
15158059 158.822453703704 0.00512686168874909 1.53628154777401e-05 1.00000000
15158060 158.844479166667 0.00502714184523837 1.60209739279395e-05 1.00000000
15158061 158.86587962963 0.00496947754004998 1.50374363895679e-05 1.00000000
15159016 159.2725 0.00532320356732414 1.34595509411782e-05 1.00000000
15159017 159.298773148148 0.00521315633775122 1.51581352595926e-05 1.00000000
15159018 159.320243055556 0.00507342737289971 1.39863488334346e-05 1.00000000
15159019 159.347581018519 0.00506650658272261 1.40670558599931e-05 1.00000000
15159038 159.761828703704 0.00526308064798003 3.80654519474293e-05 1.00000000
15159039 159.769594907407 0.00532727737515577 1.50111878236782e-05 1.00000000
15159040 159.791157407407 0.00523570613726948 1.52700192452208e-05 1.00000000
15159041 159.812685185185 0.00516751814372431 1.60837998692691e-05 1.00000000
15159042 159.834016203704 0.00514134847588547 1.59866034784694e-05 1.00000000
15159043 159.855324074074 0.00509071777288178 1.45608564195434e-05 1.00000000
15159044 159.882986111111 0.00501191906842094 2.16671439857318e-05 1.00000000
15160027 160.497337962963 0.00520793341840035 1.23488090722215e-05 1.00000000
15160029 160.530173611111 0.00517174328696927 1.70450199501185e-05 1.00000000
15160030 160.54994212963 0.00510395542541197 1.50633519396417e-05 1.00000000
15160032 160.575243055556 0.00502981849427073 1.7865958090845e-05 1.00000000
15160050 160.983703703704 0.00537221132158397 1.54726275008641e-05 1.00000000
15161001 161.005902777778 0.00526057598259368 1.5753449382649e-05 1.00000000
15161002 161.027199074074 0.00518849700271813 1.666126526122e-05 1.00000000
15161003 161.049016203704 0.00511746219583789 1.56174779958346e-05 1.00000000
15161004 161.071041666667 0.00508127436769518 1.73552030474806e-05 1.00000000
15161036 161.584502314815 0.00530417109401256 1.46653197843834e-05 1.00000000
15161037 161.606388888889 0.00524365637616761 2.50481212202036e-05 1.00000000
15161043 161.630046296296 0.0051290059889159 3.02719963158615e-05 1.00000000
15161048 161.651574074074 0.00508750259686831 4.31757912839814e-05 1.00000000
15161049 161.658229166667 0.00507108773552963 4.93645722053539e-05 1.00000000
15161053 161.674039351852 0.00497226318125387 4.29414797040345e-05 1.00000000
15161054 161.680462962963 0.00497839197924075 2.97248308752609e-05 1.00000000
15161055 161.692974537037 0.00501707551150889 3.46832421930477e-05 1.00000000
15161057 161.706076388889 0.00494156997637497 2.10761939686001e-05 1.00000000
15161058 161.727847222222 0.00494443393545872 2.90725302984379e-05 1.00000000
15162004 162.14306712963 0.00538631549454626 1.46595658609582e-05 1.00000000
15162005 162.165474537037 0.00510090670216691 1.56779203399819e-05 1.00000000
15162006 162.186585648148 0.0049681951286119 2.15375587977441e-05 1.00000000
15162010 162.235590277778 0.00523390714420277 1.51363289624902e-05 1.00000000
15162011 162.257488425926 0.00512438875778266 1.42176755684598e-05 1.00000000
15162012 162.281134259259 0.00503052300054596 1.77533941537335e-05 1.00000000
15162013 162.302881944444 0.00502435785742232 1.51659920276255e-05 1.00000000
15162014 162.325960648148 0.00495426705269892 1.9897177050345e-05 1.00000000
15162041 162.759699074074 0.00525418957933695 1.47397896079917e-05 1.00000000
15162042 162.781493055556 0.00520344606593849 1.68055261419e-05 1.00000000
15162043 162.803287037037 0.00495046626782057 3.3437852148424e-05 1.00000000
15162044 162.808460648148 0.00507134171435933 1.62100327916911e-05 1.00000000
15162045 162.829861111111 0.0049463956161549 1.61579093919569e-05 1.00000000
15162046 162.851527777778 0.00496950715780979 2.23180182852162e-05 1.00000000
15163017 163.253078703704 0.00513951915731606 1.41075954223517e-05 1.00000000
15163018 163.27724537037 0.00503293767819943 1.65077236168982e-05 1.00000000
15163019 163.298425925926 0.00500950663936292 1.74059304124084e-05 1.00000000
15163020 163.320335648148 0.00490118709660744 1.66455898426336e-05 1.00000000
15163021 163.343587962963 0.00489059869253955 1.82717426377722e-05 1.00000000
15163048 163.75224537037 0.00470141657845896 1.46422518866483e-05 1.00000000
15163049 163.773703703704 0.00475964218928092 1.27254756402601e-05 1.00000000
15163050 163.802708333333 0.00484326463675361 3.27201001260311e-05 1.00000000
15163051 163.808055555556 0.00483221108064604 1.47041989056841e-05 1.00000000
15163052 163.829861111111 0.00483658742759618 1.48266823201098e-05 1.00000000
15163053 163.851168981481 0.00484703894769899 2.96683242339857e-05 1.00000000
15164023 164.362777777778 0.00510434752399186 1.52542681775982e-05 1.00000000
15164024 164.385069444444 0.0049979869786499 1.93078234922949e-05 1.00000000
15164028 164.408194444444 0.0049841157748771 2.35512531699352e-05 1.00000000
15164029 164.421087962963 0.00553010000542274 0.000591196264790461 1.00000000
15164030 164.422083333333 0.00493148491588351 1.54982337761185e-05 1.00000000
15164032 164.446585648148 0.0049131092260687 1.94253732446561e-05 1.00000000
15164060 164.809537037037 0.0049457643418625 1.37009490443208e-05 1.00000000
15164061 164.830833333333 0.00497102293526345 4.24248655811141e-05 1.00000000
15164062 164.837800925926 0.00497878005630226 1.49060830280747e-05 1.00000000
15164063 164.856574074074 0.005003901342662 3.14213643220512e-05 1.00000000
15164064 164.861400462963 0.00493527745593026 2.3070807997872e-05 1.00000000
15164065 164.87125 0.00495086106948229 1.55003826360066e-05 1.00000000
15164066 164.892766203704 0.00496696270689542 1.72697364796726e-05 1.00000000
15165007 165.092430555556 0.00499705675371729 3.89194941486133e-05 1.00000000
15165008 165.099699074074 0.0049962754033626 2.13772848380531e-05 1.00000000
15165009 165.116215277778 0.00494015384180793 2.47870942570032e-05 1.00000000
15165021 165.339780092593 0.00511548634339109 1.37462881239893e-05 1.00000000
15165022 165.361979166667 0.00502905438238008 1.62869603516376e-05 1.00000000
15165023 165.388587962963 0.00496424725504299 1.41433601580475e-05 1.00000000
15165024 165.410949074074 0.00496140939549384 1.45090953679365e-05 1.00000000
15165025 165.433391203704 0.00491340512339421 1.85407352237233e-05 1.00000000
15165049 165.839664351852 0.00488855395660691 1.41585057948309e-05 1.00000000
15165050 165.861666666667 0.00484611303738427 1.56936959987859e-05 1.00000000
15165051 165.882268518519 0.00479170783434196 3.1278824887139e-05 1.00000000
15165052 165.888171296296 0.00482945082393239 4.00015777552579e-05 1.00000000
15165053 165.893217592593 0.0049668157386292 1.79367351769879e-05 1.00000000
15165054 165.91193287037 0.00490999766131191 1.45874783708706e-05 1.00000000
15165055 165.93994212963 0.00493279210551399 4.70070905024319e-05 1.00000000
15166013 166.194421296296 0.00499801481304155 2.56080953808035e-05 1.00000000
15166023 166.337106481481 0.00512135743975886 1.99246898976386e-05 1.00000000
15166024 166.348055555556 0.00509973376472053 1.36715474006631e-05 1.00000000
15166025 166.36994212963 0.00505389109835622 1.87624612758351e-05 1.00000000
15166026 166.386041666667 0.00494454858302927 1.57310371546119e-05 1.00000000
15166027 166.4078125 0.00502243417730917 1.83763122933142e-05 1.00000000
15166028 166.423009259259 0.00500529482619242 1.4996821915337e-05 1.00000000
15167001 167.019571759259 0.00512866168214576 1.44437914162701e-05 1.00000000
15167002 167.041238425926 0.00502899369142005 1.78523032937029e-05 1.00000000
15167006 167.083993055556 0.00495771093473777 1.57793793756222e-05 1.00000000
15167007 167.104247685185 0.0049334858792677 1.92591067106761e-05 1.00000000
