15153036 153.5675 0.000683005319472149 3.49804458207371e-06 1.00000000
15153037 153.589768518519 0.000694937106866786 3.57119816942259e-06 1.00000000
15153038 153.611493055556 0.000692749289032504 5.42905843219411e-06 1.00000000
15154007 154.119664351852 0.000679531534916219 3.09968893987659e-06 1.00000000
15154008 154.150428240741 0.000674863811134238 4.79365914121803e-06 1.00000000
15154009 154.162476851852 0.000676038170724734 3.45444313764648e-06 1.00000000
15154010 154.1846875 0.000673639441459382 3.69120992929493e-06 1.00000000
15154011 154.205752314815 0.000674117089118739 3.41443822239204e-06 1.00000000
15155004 155.10474537037 0.00067494611097339 5.856602902831e-06 1.00000000
15155005 155.113842592593 0.000663323772649025 3.44597559688934e-06 1.00000000
15155006 155.136446759259 0.000649687301684358 2.79245903275773e-06 1.00000000
15155007 155.168668981481 0.000658200654217782 2.81551317024237e-06 1.00000000
15155008 155.201180555556 0.000661370002984938 3.54899360419608e-06 1.00000000
15155009 155.223275462963 0.00068926117433174 8.40721653601207e-06 1.00000000
15156001 156.012210648148 0.000673418197260962 2.80903366019039e-06 1.00000000
15156002 156.046481481481 0.00068823370169108 2.86101795115233e-06 1.00000000
15156003 156.078761574074 0.00069317068406478 3.15003249361281e-06 1.00000000
15156004 156.109189814815 0.000703752307477186 4.19868792061638e-06 1.00000000
15156010 156.153425925926 0.000714025974256873 3.95031779793287e-06 1.00000000
15156011 156.181458333333 0.000710204634494223 5.26565411213991e-06 1.00000000
15156014 156.216053240741 0.000707390246943913 4.63380952610202e-06 1.00000000
15156039 156.871990740741 0.000656844178754398 8.83890509689299e-06 1.00000000
15156040 156.876516203704 0.000656362379642097 3.48704798890061e-06 1.00000000
15156041 156.898483796296 0.000651411154191757 3.38026809108707e-06 1.00000000
15156042 156.920185185185 0.000668096325534251 3.43926419238456e-06 1.00000000
15157004 157.080381944444 0.000666255683607623 3.65804867500465e-06 1.00000000
15157005 157.100474537037 0.000641595535769134 1.32905476684052e-05 1.00000000
15157006 157.107905092593 0.000661707847790401 2.837139713807e-06 1.00000000
15157007 157.140393518518 0.000659822317173103 3.70504607989104e-06 1.00000000
15157009 157.161435185185 0.000671044789212126 3.09571799805202e-06 1.00000000
15157034 157.586041666667 0.000692833196016994 5.25499995205058e-06 1.00000000
15157039 157.610474537037 0.000709772669913974 5.25696758008446e-06 1.00000000
15157045 157.631458333333 0.000684310554023295 3.45960142450523e-06 1.00000000
15157046 157.654502314815 0.000679739636109826 3.64737740055939e-06 1.00000000
15157047 157.676006944444 0.000699276111490723 3.17321156146612e-06 1.00000000
15158024 158.182094907407 0.000708799073524527 3.57471561544594e-06 1.00000000
15158025 158.205358796296 0.000718171537606404 2.90908804552798e-06 1.00000000
15158026 158.238449074074 0.000721767748450223 3.00000549012773e-06 1.00000000
15158027 158.270613425926 0.000718023672691904 3.40259416076108e-06 1.00000000
15158057 158.778425925926 0.000715203009342211 3.61216160288217e-06 1.00000000
15158058 158.799907407407 0.000702019736262354 3.51195839828237e-06 1.00000000
15158059 158.822453703704 0.000711256168448649 3.54524818041775e-06 1.00000000
15158060 158.844479166667 0.000702734284306815 3.63539620317e-06 1.00000000
15158061 158.86587962963 0.000713306247606636 3.39431003102342e-06 1.00000000
15159016 159.2725 0.000720261351807441 3.32918638727406e-06 1.00000000
15159017 159.298773148148 0.00071418870824213 3.55486094161002e-06 1.00000000
15159018 159.320243055556 0.00071474232639676 3.22386514279767e-06 1.00000000
15159019 159.347581018519 0.00072370846325022 3.21585293839515e-06 1.00000000
15159038 159.761828703704 0.000701102406787709 9.8792641472941e-06 1.00000000
15159039 159.769594907407 0.000728627497374878 3.70509210786408e-06 1.00000000
15159040 159.791157407407 0.000731588230562782 3.60214433758955e-06 1.00000000
15159041 159.812685185185 0.000726201168770437 3.70676273764487e-06 1.00000000
15159042 159.834016203704 0.000730010875657623 3.65376686182507e-06 1.00000000
15159043 159.855324074074 0.000729682492662651 3.31688891908671e-06 1.00000000
15159044 159.882986111111 0.000736551761801507 4.94046234726385e-06 1.00000000
15160027 160.497337962963 0.000709881547883695 3.02963450073712e-06 1.00000000
15160029 160.530173611111 0.000719614634862721 3.95459463501051e-06 1.00000000
15160030 160.54994212963 0.000715495887237756 3.44240937262285e-06 1.00000000
15160032 160.575243055556 0.000721349525380873 4.08440496329271e-06 1.00000000
15160050 160.983703703704 0.000724438039398503 3.88783177661627e-06 1.00000000
15161001 161.005902777778 0.000726906003232762 3.7549337433607e-06 1.00000000
15161002 161.027199074074 0.000732559032651404 3.89187499362697e-06 1.00000000
15161003 161.049016203704 0.000731730416330598 3.59783212580359e-06 1.00000000
15161004 161.071041666667 0.00073403643969407 3.90733215975428e-06 1.00000000
15161036 161.584502314815 0.000720837389366681 3.6868862045385e-06 1.00000000
15161037 161.606388888889 0.00072114854352295 6.0646605235373e-06 1.00000000
15161043 161.630046296296 0.00071214242557363 7.09104744741508e-06 1.00000000
15161048 161.651574074074 0.000775614253511954 9.17051760303925e-06 1.00000000
15161049 161.658229166667 0.000759774251062125 1.05001551778005e-05 1.00000000
15161053 161.674039351852 0.000783287602382997 9.14786862343591e-06 1.00000000
15161054 161.680462962963 0.000761140781718573 6.32300984650926e-06 1.00000000
15161055 161.692974537037 0.000764006281796724 7.44437771093072e-06 1.00000000
15161057 161.706076388889 0.000753939878262011 4.57991553756829e-06 1.00000000
15161058 161.727847222222 0.000764056253108063 6.42968767715525e-06 1.00000000
15162004 162.14306712963 0.000632234630300221 3.18186835255963e-06 1.00000000
15162005 162.165474537037 0.00069826348702301 3.71909895434836e-06 1.00000000
15162006 162.186585648148 0.000697197217605843 5.01828353556513e-06 1.00000000
15162010 162.235590277778 0.000705425228988036 3.8032989509328e-06 1.00000000
15162011 162.257488425926 0.000711442883930425 3.40199708251513e-06 1.00000000
15162012 162.281134259259 0.000710566234751486 4.13001155353841e-06 1.00000000
15162013 162.302881944444 0.000718464994600611 3.48174478807817e-06 1.00000000
15162014 162.325960648148 0.000735289784348608 4.483327092902e-06 1.00000000
15162041 162.759699074074 0.000705303377783986 3.66038784917038e-06 1.00000000
15162042 162.781493055556 0.000722345241061479 3.99284393913477e-06 1.00000000
15162043 162.803287037037 0.000691402550995491 7.76944341986461e-06 1.00000000
15162044 162.808460648148 0.000706947399753208 3.72287501758248e-06 1.00000000
15162045 162.829861111111 0.000704260020464492 3.68765810834141e-06 1.00000000
15162046 162.851527777778 0.000715983842764592 5.08680340209713e-06 1.00000000
15163017 163.253078703704 0.000694072824202723 3.50100936395685e-06 1.00000000
15163018 163.27724537037 0.000696159879199817 3.9107636960257e-06 1.00000000
15163019 163.298425925926 0.000704899248341864 4.04757663349831e-06 1.00000000
15163020 163.320335648148 0.000702969716722809 3.83235926969864e-06 1.00000000
15163021 163.343587962963 0.000715567547637993 4.17036605134416e-06 1.00000000
15163048 163.75224537037 0.000660956110106051 3.57314129311447e-06 1.00000000
15163049 163.773703703704 0.000671046501412343 3.08101375714062e-06 1.00000000
15163050 163.802708333333 0.000694742166614597 7.81930638055738e-06 1.00000000
15163051 163.808055555556 0.000679237093260965 3.48968187987397e-06 1.00000000
15163052 163.829861111111 0.000692516324875934 3.53683350933454e-06 1.00000000
15163053 163.851168981481 0.000700937316106562 7.10069424687143e-06 1.00000000
15164023 164.362777777778 0.00070113483254979 3.87099659132696e-06 1.00000000
15164024 164.385069444444 0.000695542298873019 4.69861126309893e-06 1.00000000
15164028 164.408194444444 0.000693920662243726 5.67609977605214e-06 1.00000000
15164029 164.421087962963 0.000851048431499868 0.000141705388426994 1.00000000
15164030 164.422083333333 0.000695473722645634 3.72001534263559e-06 1.00000000
15164032 164.446585648148 0.000700826900851139 4.61317159372609e-06 1.00000000
15164060 164.809537037037 0.000676122711336683 3.50560879894226e-06 1.00000000
15164061 164.830833333333 0.000685514057023415 1.05516343987595e-05 1.00000000
15164062 164.837800925926 0.000687111325423633 3.66519016038198e-06 1.00000000
15164063 164.856574074074 0.000704037379847394 7.74113046743979e-06 1.00000000
15164064 164.861400462963 0.000689405818644499 5.60105688106663e-06 1.00000000
15164065 164.87125 0.000690012748889453 3.70939173357725e-06 1.00000000
15164066 164.892766203704 0.000704319187607789 4.14124670005257e-06 1.00000000
15165007 165.092430555556 0.000741391560541516 9.73154374763666e-06 1.00000000
15165008 165.099699074074 0.000736817466508887 5.89064552936822e-06 1.00000000
15165009 165.116215277778 0.000720850158217159 6.87544497370668e-06 1.00000000
15165021 165.339780092593 0.00070497237830235 3.54497601432234e-06 1.00000000
15165022 165.361979166667 0.000692657117726486 4.01827773951953e-06 1.00000000
15165023 165.388587962963 0.000692265145825324 3.40809189204052e-06 1.00000000
15165024 165.410949074074 0.000707725335354197 3.50955459614218e-06 1.00000000
15165025 165.433391203704 0.000718879389774569 4.51292836738794e-06 1.00000000
15165049 165.839664351852 0.00066225109176106 3.57173668980091e-06 1.00000000
15165050 165.861666666667 0.000665192541693978 3.85047314234965e-06 1.00000000
15165051 165.882268518519 0.000664668404044186 7.59344920032796e-06 1.00000000
15165052 165.888171296296 0.000674803319503323 9.64188556815505e-06 1.00000000
15165053 165.893217592593 0.000702980308339573 4.38522506480909e-06 1.00000000
15165054 165.91193287037 0.000696594465446375 3.49711277900592e-06 1.00000000
15165055 165.93994212963 0.000713206879788263 1.13341224039391e-05 1.00000000
15166013 166.194421296296 0.000728599202842717 7.20612548006117e-06 1.00000000
15166023 166.337106481481 0.000696080674140254 5.25598532535886e-06 1.00000000
15166024 166.348055555556 0.000688479953711502 3.43841330883956e-06 1.00000000
15166025 166.36994212963 0.00069730756060396 4.65464663436823e-06 1.00000000
15166026 166.386041666667 0.000688436515688671 3.81962692549831e-06 1.00000000
15166027 166.4078125 0.000700284036706011 4.41420744771992e-06 1.00000000
15166028 166.423009259259 0.000704835558817531 3.5905627891326e-06 1.00000000
15167001 167.019571759259 0.00069057682877277 3.66309166807893e-06 1.00000000
15167002 167.041238425926 0.000687098669429465 4.40730926772225e-06 1.00000000
15167006 167.083993055556 0.000688274586961582 3.76461933020932e-06 1.00000000
15167007 167.104247685185 0.000691998038592372 4.55172320193485e-06 1.00000000
