15084002 84.0311805555556 0.0455074299680795 6.04798600006498e-05 1.05094945
15084003 84.0434375 0.0432257817540999 0.000195840770555706 1.00000000
15084004 84.0452893518518 0.040301134240407 0.000188702168873167 1.00000000
15084005 84.0472569444444 0.0396204747171044 0.000206930930340476 1.00000000
15084006 84.0488541666667 0.0416024644260865 4.20941301493522e-05 1.00000000
15084007 84.069212962963 0.0443161673541059 4.49401182082922e-05 1.00000000
15084008 84.0907638888889 0.0451882029647416 4.79054126134847e-05 1.00000000
15084009 84.1122337962963 0.0403187988880437 4.72097685925563e-05 1.00000000
15084010 84.1338078703704 0.0412729076572141 5.00594136658711e-05 1.00000000
15084011 84.1565972222222 0.0439887545549296 5.16922235089327e-05 1.00000000
15084022 84.2810069444444 0.0412195025407651 6.81728995749766e-05 1.24462402
15084024 84.2914930555556 0.0393490854066524 6.00961206252946e-05 1.06943202
15084025 84.309837962963 0.0397296226047323 4.16137321304626e-05 1.00000000
15084027 84.3348611111111 0.0415276187402932 4.97574415796481e-05 1.00000000
15084028 84.3513657407407 0.0427026879243531 4.80637743174407e-05 1.00000000
15084029 84.37125 0.0425316260073189 4.73580139073262e-05 1.00000000
15084030 84.3902777777778 0.0396382295350262 0.000242891720633219 1.00000000
15084031 84.395625 0.0423682564142438 5.72981254520937e-05 1.00000000
15084032 84.4072337962963 0.0395769070914521 0.00018528817208017 1.83657598
15084033 84.4092708333333 0.0428295733200818 4.822692429272e-05 1.84848607
15084034 84.4240625 0.0389643000453474 6.54720220781207e-05 1.91513395
15084036 84.4357175925926 0.0393898463207744 4.04414889072912e-05 1.99889994
15084037 84.4542824074074 0.038460762488675 4.03249650844337e-05 2.11449003
15084038 84.4720486111111 0.0382131963884401 0.000103388906021133 2.14145994
15084039 84.4751851851852 0.0407083852717542 5.62080392711673e-05 2.15042400
15084040 84.4850694444444 0.0396297973733444 4.04751811685727e-05 1.00000000
15084052 84.6889583333333 0.0436166226248307 7.69513703292407e-05 1.29649007
15084053 84.6945949074074 0.0415776427906215 0.000136451583292584 1.27386606
15084054 84.6965162037037 0.041695330954089 6.0353558334907e-05 1.27018058
15084055 84.7089236111111 0.03937742704176 6.75848689968782e-05 1.26385176
15084058 84.7212615740741 0.0433088193059632 6.30322276235866e-05 1.25991583
15084059 84.7286689814815 0.0385387736069478 3.35033396037293e-05 1.25944948
15084060 84.7495023148148 0.041253109816881 9.77252101967453e-05 1.24209106
15084061 84.7531018518518 0.0418271674093595 0.000160542679258409 1.24113965
15084062 84.7553935185185 0.0406400963783591 0.00013165447834878 1.23871732
15084063 84.7576967592592 0.0403193456902612 3.66791696985393e-05 1.22906816
15084064 84.7826157407407 0.0408481994981174 5.29304451955425e-05 1.20344615
15084066 84.7958101851852 0.0441388846094497 3.67474584837896e-05 1.18292189
15084067 84.8171875 0.043910458599481 3.80413167682344e-05 1.09705150
15084068 84.8385069444444 0.0377735338110494 3.71837606818871e-05 1.02280486
15084069 84.8575694444444 0.039908936282057 6.38981091477457e-05 1.00000000
15084070 84.8650347222222 0.0397292981311233 5.38438448864531e-05 1.00000000
15084090 84.9304050925926 0.0409180959205069 5.45275994937907e-05 1.36044002
15084091 84.9428935185185 0.0432202584881167 4.22415477465842e-05 1.29529893
15084092 84.9617476851852 0.0403230403911819 3.38597893377878e-05 1.27769530
15084093 84.9834722222222 0.0410640403658095 3.42707832672564e-05 1.26498163
15085001 85.0056018518518 0.0396131909830274 3.32810077443794e-05 1.23604727
15085002 85.0274421296296 0.0400070095016456 3.37650305075099e-05 1.19414055
15085003 85.0492824074074 0.04058988315499 3.45172194422987e-05 1.15721989
15085004 85.0709837962963 0.0404103892642524 3.51135322172191e-05 1.12611103
15085005 85.0927199074074 0.0426308598846831 3.70578595473261e-05 1.03512418
15085006 85.1144560185185 0.0423024802573966 3.74711619250266e-05 1.00000000
15085007 85.1367939814815 0.0461389157414257 5.13866619767919e-05 1.00000000
15085008 85.1560532407407 0.0435143494020733 5.16357054394711e-05 1.00000000
15085010 85.175 0.0431081405427018 4.69368800812395e-05 1.00000000
15085012 85.1945486111111 0.0430332764337288 8.86324054677866e-05 1.00000000
15085013 85.2001157407407 0.0396603859268523 8.41041966496909e-05 1.00000000
15085014 85.2059837962963 0.0427925368890016 8.88558667781286e-05 1.00000000
15085015 85.2113888888889 0.0424142198489772 8.87703156339097e-05 1.00000000
15085016 85.2168634259259 0.0431832753544975 8.99161941118972e-05 1.00000000
15085017 85.2223958333333 0.0407840872468831 8.98687899837727e-05 1.00000000
15085018 85.2278356481481 0.0425655842421056 8.95888313394343e-05 1.00000000
15085019 85.2335648148148 0.0470467576193978 9.66333704475971e-05 1.00000000
15085020 85.2390277777778 0.0466829525096395 9.66826631079301e-05 1.00000000
15085021 85.244537037037 0.0394288738240184 5.34817718823299e-05 1.00000000
15085022 85.2592708333333 0.0407304937636717 4.73596702065617e-05 1.00000000
15085115 85.9864351851852 0.0387066264870405 3.09811987913635e-05 1.33465803
15086001 86.0099768518518 0.038185020115375 4.19682719938072e-05 1.26803541
15086003 86.0241898148148 0.0379368289233817 3.40005692162815e-05 1.25587869
15086004 86.0436921296296 0.0390680409193061 5.4113478737322e-05 1.28117025
15086005 86.0518634259259 0.0402212837621929 3.57235638601919e-05 1.25729096
15086006 86.0745833333333 0.036287279668515 3.78868777680615e-05 1.16038835
15086007 86.0911805555556 0.0377637156735595 8.01351115545619e-05 1.13950968
15086009 86.0976388888889 0.0347348879418923 3.44508074382059e-05 1.14677656
15086010 86.1189699074074 0.0418764918317102 3.68901499507531e-05 1.04822433
15086011 86.1405787037037 0.0398549197870855 3.82328588421817e-05 1.00000000
15086012 86.1625 0.0375525085831385 3.80187430881851e-05 1.00000000
15086013 86.1843402777778 0.038015100352602 3.38967269105777e-05 1.00000000
15086014 86.2202662037037 0.0373854272769244 5.59806528213655e-05 1.00000000
15086016 86.2338078703704 0.0405951180829496 4.86149832409985e-05 1.00000000
15086017 86.2558912037037 0.0362667544933335 4.22666449812155e-05 1.00000000
15086018 86.2767592592593 0.0404705017488255 4.84304939969987e-05 1.00000000
15086044 86.5321643518518 0.0425025365093264 9.18552639028528e-05 1.41892695
15086045 86.5360648148148 0.0426376067687868 0.000101854432384384 1.38276827
15086046 86.5402893518519 0.0387715550956498 3.92075972016511e-05 1.36168706
15086050 86.5600694444444 0.03967223799096 7.05290825048941e-05 1.33692038
15086051 86.5661805555556 0.0407253712599542 4.84411197671862e-05 1.26262331
15086054 86.5897685185185 0.0330298853277801 3.5144695756766e-05 1.35832405
15086055 86.6055324074074 0.038350882091092 4.1044486929218e-05 1.36839163
15086058 86.6250462962963 0.0391357800001924 4.27753427722901e-05 1.35492384
15086059 86.639837962963 0.0345025435288196 5.78179328242618e-05 1.36535656
15086060 86.6496875 0.0372983249320338 6.55993275863565e-05 1.25754416
15086061 86.6562847222222 0.0355154288978616 3.31752751268509e-05 1.32167244
15086062 86.6763078703704 0.0367819207923995 3.40940840417328e-05 1.23482406
15086063 86.7009027777778 0.0392214199876341 3.60733740785004e-05 1.18221033
15086064 86.7215393518518 0.0353248304625223 3.39780240405831e-05 1.11064720
15086065 86.7445717592593 0.0352162733544597 7.49313686014577e-05 1.14385593
15086066 86.751400462963 0.0382335139357238 3.55727412110932e-05 1.17106092
15086067 86.7741203703704 0.0372981754101837 4.1215552448551e-05 1.00000000
15086068 86.7928819444444 0.0362475917449388 3.62138481689721e-05 1.05378318
15086069 86.8151388888889 0.0345984036791612 3.45670089218399e-05 1.00000000
15086072 86.8401157407407 0.0402701307754881 4.41556292246049e-05 1.00000000
15086073 86.8615625 0.0361671823943488 4.68585278144776e-05 1.00000000
15086074 86.8804861111111 0.0409071389432145 4.39857851599767e-05 1.00000000
15086075 86.9022106481481 0.0372354353649662 9.95132461355848e-05 1.00000000
15086076 86.9076157407407 0.035072640639427 0.000230086374550332 1.00000000
15086077 86.9090740740741 0.0374104237680404 5.03133226641009e-05 1.00000000
15086078 86.9257175925926 0.0392544302160044 0.000166530764702817 1.00000000
15086079 86.9281018518518 0.0394895997196269 9.13940565152946e-05 1.00000000
15086082 86.9987731481481 0.0378136424218064 3.80221724127296e-05 1.59777200
15087001 87.0172685185185 0.0363834709831132 3.16904717640557e-05 1.48942149
15087002 87.0402893518519 0.0382256569336671 3.07470972274295e-05 1.49295759
15087004 87.0700925925926 0.0375786419782379 2.7767311299367e-05 1.47156191
15087005 87.0973726851852 0.0385154940051753 0.000201606545056462 1.34356105
15087006 87.1015046296296 0.0382424416017234 3.09703221461001e-05 1.33927882
15087007 87.126099537037 0.0359865225331653 3.02076116975871e-05 1.38834035
15087008 87.1500578703704 0.0386861900275304 3.26837993450676e-05 1.31750202
15087009 87.1744444444444 0.0347779781292343 3.20785354257393e-05 1.22906280
15087010 87.1976388888889 0.0393150856801092 3.72640895282909e-05 1.14407444
15087011 87.2197453703704 0.0390171466031917 8.59372838121615e-05 1.00000000
15087012 87.2261689814815 0.0383049564122307 3.947347638302e-05 1.00000000
15087013 87.248287037037 0.0391306602998454 5.18687087502894e-05 1.00000000
15087016 87.2731365740741 0.0374202062932825 4.15730582049357e-05 1.00000000
15087017 87.2956828703704 0.0395739121579361 4.45800541700292e-05 1.00000000
15087018 87.3182986111111 0.0399183154337671 6.66055678724341e-05 1.00000000
15087019 87.3311574074074 0.0393959203202018 4.95949128830128e-05 1.00000000
15087020 87.3530324074074 0.0426770791050803 5.0622309212349e-05 1.00000000
15087021 87.3737384259259 0.0424193228371919 9.76638531981894e-05 1.00000000
15087022 87.3854398148148 0.0409638768094757 6.64493015803977e-05 1.00000000
15087036 87.5429282407407 0.0353687998772138 5.11389421136758e-05 1.70901394
15087037 87.5605324074074 0.0369657795853852 5.09519596152405e-05 1.28629720
15087038 87.5841782407407 0.0360951360509386 3.11650449176473e-05 1.31840277
15087039 87.606875 0.0342115621503362 2.87361264380618e-05 1.41706419
15087040 87.6303472222222 0.0350609149902817 2.92950277277748e-05 1.43877172
15087041 87.6517939814815 0.0322208324078918 2.80072045548511e-05 1.44127119
15087042 87.6731481481481 0.037816733552803 3.07114475231563e-05 1.41565716
15087043 87.6959953703704 0.0402638074363171 4.80517180224158e-05 1.34374499
15087046 87.707650462963 0.0406648231958033 3.45499369982362e-05 1.31186879
15087047 87.7292824074074 0.0343775390656685 3.10645252615394e-05 1.20837593
15087049 87.7511921296296 0.0353398055602319 3.08911359003617e-05 1.32815063
15087050 87.7728935185185 0.0343109393364131 6.73653048163673e-05 1.23723841
15087052 87.7785185185185 0.0379959692345397 6.10321815015186e-05 1.26907742
15087055 87.8344791666667 0.041446616139354 8.60349745660943e-05 1.00000000
15087056 87.8402083333333 0.0360753157270186 3.67780304357839e-05 1.00000000
15087057 87.8633449074074 0.0450005713337746 0.000119064403936753 1.00000000
15087058 87.8822337962963 0.0360596032166667 7.52161663942639e-05 1.00000000
15087059 87.8880324074074 0.0394349984462585 7.90092832696216e-05 1.00000000
15088003 88.0151851851852 0.040117772276025 3.47381778822341e-05 1.72067249
15088004 88.0334606481482 0.037133094267482 2.63809992086979e-05 1.99200737
15088005 88.0582291666667 0.0337372332964297 2.46594902146449e-05 2.25501204
15088006 88.0802430555556 0.0359203585866249 2.65975774273889e-05 2.07990575
15088007 88.1019791666667 0.0390267657554775 3.02074760547973e-05 1.65319705
15088008 88.1239699074074 0.0364688056602766 2.82072685279235e-05 1.34619129
15088013 88.1574074074074 0.0337378791911939 2.83043927088033e-05 1.17056239
15088014 88.1841666666667 0.0407587758133013 3.62737522570339e-05 1.11491084
15088015 88.20625 0.040723614852099 3.73130891950531e-05 1.07057929
15088017 88.2288773148148 0.0377275084262286 3.55601777854169e-05 1.04307330
15088019 88.2507638888889 0.0408896168408237 3.70354302220973e-05 1.01981497
15088020 88.274375 0.0400571158861644 4.07438271062003e-05 1.00000000
15088037 88.5148726851852 0.0386517895942708 3.45704555793026e-05 2.04285192
15088039 88.5312384259259 0.0336869058954523 6.10218158173493e-05 2.08709264
15088041 88.540625 0.0335217583363435 5.1847465840306e-05 2.23495173
15088042 88.5461689814815 0.0392171391389611 2.42849278709873e-05 2.29614329
15088043 88.5693981481482 0.0339237419417674 4.83951524755492e-05 1.85261178
15088044 88.576712962963 0.0394043686322153 2.97773898396976e-05 1.60505724
15088048 88.6667361111111 0.0403516112624423 3.64113744563914e-05 1.32650590
15088057 88.7917824074074 0.0382942140489606 2.81254587193696e-05 1.37860000
15088058 88.8108217592593 0.0361257876451406 2.89148481595814e-05 1.47500598
15088059 88.8264814814815 0.0368029241732269 3.43778335364364e-05 1.61569154
15088060 88.8374305555556 0.032783667956872 2.2571843383145e-05 1.67341733
15088061 88.8590740740741 0.0356255024314268 2.55178436777143e-05 1.53489029
15088062 88.8807523148148 0.0401331940404597 3.44942568586498e-05 1.21439815
15088063 88.8987731481482 0.0345638940321775 3.52286241352508e-05 1.62705541
15088064 88.9156134259259 0.0370278017124261 3.41356758247402e-05 1.33880007
15088066 88.9388194444444 0.0369702347939262 3.58005301374107e-05 1.24563360
15088067 88.9593171296296 0.0358356165130283 4.20554787801883e-05 1.22792876
15088068 88.9761111111111 0.0333040482110488 3.26170820565758e-05 1.26976371
15088069 88.9978125 0.0371406087750721 3.40647704888461e-05 1.35675836
15089002 89.0197222222222 0.0333136921900941 3.04743594845829e-05 1.26862669
15089004 89.0454398148148 0.035587929820894 3.57326530871423e-05 1.14923704
15089005 89.0674074074074 0.0342329109779862 3.595278905478e-05 1.05513656
15089006 89.0890277777778 0.0351741631303179 3.76526669742352e-05 1.03007865
15089007 89.1107291666667 0.03481899324665 3.71887031410814e-05 1.00000000
15089008 89.1347569444444 0.0331953483130736 3.5970638488374e-05 1.00000000
15089009 89.1592592592593 0.0372089586655997 3.49316403850684e-05 1.00000000
15089010 89.1875231481482 0.034671276687289 6.64747669531598e-05 1.00000000
15089028 89.5335532407407 0.0357625175625789 4.26234195461321e-05 1.59140193
15089029 89.5455555555556 0.0366112174059325 5.50386259987077e-05 1.58187973
15089030 89.5561689814815 0.0375755899059166 3.22395508246802e-05 1.54347754
15089031 89.5792592592592 0.0372596268380753 5.0566141975305e-05 1.34356582
15089032 89.5897685185185 0.0324898416418266 3.13839165154621e-05 1.27491581
15089033 89.6159722222222 0.0350506042658682 3.72372853723441e-05 1.11455905
15089034 89.6359143518519 0.0360278181611122 3.57065128154568e-05 1.12292528
15089036 89.6587152777778 0.0360513905841214 4.64738148275617e-05 1.25354397
15089037 89.672337962963 0.0413037634272751 3.72993323151834e-05 1.27865565
15089038 89.6939467592593 0.0396596895148885 5.09001062747771e-05 1.12121534
15089039 89.709212962963 0.0407261663864968 3.91489952182007e-05 1.05133331
15089040 89.7308796296296 0.0388459992277703 3.86782999670818e-05 1.04651046
15089041 89.7524421296296 0.037558403786189 7.1010797929293e-05 1.00000000
15089042 89.7604398148148 0.0362671721532104 3.96137847677361e-05 1.00000000
15089044 89.7836111111111 0.0389933444115008 4.71644251189507e-05 1.00000000
15089045 89.8013194444444 0.044381199774817 4.29751132483278e-05 1.00000000
15090008 90.1211805555556 0.0386688554224057 3.5063752288146e-05 1.57944453
15090010 90.1397106481482 0.0352696529400651 3.03706753179276e-05 1.50370419
15090053 90.6929166666667 0.0345017844200885 3.00701571747456e-05 1.70090842
15090054 90.7143518518519 0.0350893067041979 3.1230340189474e-05 1.55076420
15090056 90.7378472222222 0.0354297401184538 3.19301425893279e-05 1.47533727
15090057 90.7593287037037 0.0400610663944003 4.15823510138404e-05 1.41309953
15090058 90.7763310185185 0.0387275783940272 3.50666221243001e-05 1.35748661
15090059 90.7980208333333 0.0383125054353359 0.000122913632056944 1.32324541
15090060 90.8020138888889 0.0394569705510028 3.56683082563279e-05 1.31884062
15090062 90.8238078703704 0.0381055808556127 3.69201586844292e-05 1.22838485
15090063 90.8445138888889 0.0419511323687496 3.71119462471143e-05 1.15953517
15090064 90.8698611111111 0.0417746284325834 3.99189149345899e-05 1.03383434
15090065 90.8916087962963 0.0424394083686193 4.1601835914809e-05 1.01737082
15090066 90.9123611111111 0.0400682723644736 4.04042727562031e-05 1.00000000
15090067 90.9340972222222 0.0394079392045179 7.38425954653243e-05 1.00000000
15090068 90.9418055555556 0.0425015970500656 0.000153652462571005 1.00000000
15091030 91.5789699074074 0.0397173166975278 5.45655858279808e-05 1.34724569
15091032 91.5945717592592 0.0425335401097924 4.49925583661446e-05 1.12654483
15091033 91.614224537037 0.0385751606615847 4.09616903756859e-05 1.26988399
15091034 91.6394675925926 0.0451209724453523 4.68243449536784e-05 1.45700872
15091036 91.6560648148148 0.040808556104244 3.39877368482712e-05 1.46267378
15091037 91.6783912037037 0.0411079804824934 3.44298661848025e-05 1.46155918
15091038 91.7004282407407 0.0401992288297863 3.69078348187209e-05 1.42954087
15091040 91.7219097222222 0.0392128677052723 3.53485962299534e-05 1.36633754
15091041 91.7431481481481 0.0411381038709457 3.62679079857497e-05 1.29190505
15091042 91.7647916666667 0.0389878423494797 3.46924657577798e-05 1.23298597
15091045 91.7921990740741 0.0422593358669699 3.86920216035588e-05 1.13121247
15091046 91.8146875 0.0386384422547851 3.18310349818068e-05 1.04429698
15092016 92.224525462963 0.0363004984974453 3.74935122466364e-05 1.54200196
15092017 92.2413078703704 0.0364338406992466 5.75582438716828e-05 1.46002960
15092018 92.250150462963 0.0414533380043701 3.84365430389296e-05 1.41601610
15093009 93.1900231481481 0.0380512583870193 5.60309139134004e-05 1.56046367
15093010 93.1977662037037 0.0372506474750375 7.46688159137657e-05 1.51582623
15093011 93.2031597222222 0.039044967173044 8.21047667329691e-05 1.49380839
15093012 93.2090046296296 0.0364252214668542 5.974988273134e-05 1.46282256
15093013 93.2166666666667 0.0350925739709682 3.19558283568212e-05 1.43684649
15093015 93.2396064814815 0.0376733219688956 3.58614921394245e-05 1.33934796
15093016 93.2595717592592 0.0365292425494285 5.19876798678651e-05 1.27369034
15093017 93.2695833333333 0.0379290141015707 3.63460265876498e-05 1.23456609
15093018 93.2904166666667 0.0376142180824043 5.37735325873559e-05 1.15705252
15093043 93.6663078703704 0.0394278316146803 3.14219055625637e-05 1.76535320
15093044 93.6885069444445 0.0408968638476235 3.52477385355964e-05 1.65153062
15093045 93.7091666666667 0.0406093211162183 3.58998648205939e-05 1.54990911
15093046 93.7296180555555 0.0408948411233143 3.57711788651443e-05 1.44470298
15093048 93.7526157407407 0.0407062294108086 3.7211390702218e-05 1.34431326
15093049 93.7733217592593 0.0413162852341389 3.79927537273458e-05 1.25558960
15093050 93.7947569444444 0.0391161370992019 3.74514196892221e-05 1.16960514
15093051 93.8166319444445 0.0416004916964948 4.07688546172508e-05 1.10078084
15093052 93.8379398148148 0.0425801336516626 3.91515785908908e-05 1.02884996
15093053 93.8620023148148 0.0410478515610952 4.80683762464936e-05 1.00000000
15093054 93.8779976851852 0.0407726837327407 7.40943530527257e-05 1.00000000
15094010 94.1498263888889 0.0407970619866425 3.15696710785018e-05 1.72007000
15094011 94.1726967592592 0.039256031204881 3.20900990771533e-05 1.64197040
15094012 94.1947685185185 0.0411066028430216 3.48730836482583e-05 1.50629783
15094013 94.2163194444444 0.0437049783884918 3.65280977949633e-05 1.43223584
15094014 94.2381134259259 0.0388245778150297 3.51049679608204e-05 1.35670757
15094015 94.2597337962963 0.0447374162300554 3.92956058983362e-05 1.25932324
15094016 94.2821064814815 0.0436840122334832 4.00230178514964e-05 1.18618250
15094017 94.3034953703704 0.0428062051346847 3.9852714612856e-05 1.13061070
15094019 94.3258564814815 0.0428272866660619 4.00283161582593e-05 1.07493758
15094020 94.3477777777778 0.0463852571174436 4.88774755860382e-05 1.00406766
15095020 95.3922685185185 0.0408612273421851 3.54008485343092e-05 1.27095747
15095021 95.4153356481481 0.0411689112938906 3.70620112819167e-05 1.22698200
15095022 95.4373032407407 0.0432098522810553 3.81681445086705e-05 1.15908861
15095023 95.4601273148148 0.0412357675401259 3.90855509251475e-05 1.09465337
15095024 95.4816898148148 0.0431275678389735 4.37903596868761e-05 1.06684363
15095025 95.503599537037 0.0463070093484345 4.3272053039538e-05 1.02169335
15095026 95.5252083333333 0.0430227786201051 4.2361723681563e-05 1.00000000
15095027 95.5468171296296 0.0421547833133387 5.09527024922472e-05 1.00000000
15095028 95.5624074074074 0.0439833124501081 5.39079524420317e-05 1.00000000
15096025 96.3340277777778 0.044795356561625 5.30874142934923e-05 1.26560581
15096026 96.3491898148148 0.0446142437052516 3.9176164798629e-05 1.22645950
15096027 96.3709143518519 0.0422865537332861 4.41154292003292e-05 1.15922165
15096028 96.3950578703704 0.0428099376706628 8.89408797527759e-05 1.08555865
15096029 96.407662037037 0.0421981893978695 3.93761188678663e-05 1.04123163
15096030 96.4305208333333 0.0457575710518489 4.10001362049389e-05 1.00000000
15096031 96.4547106481481 0.0404284952742451 4.15009603653109e-05 1.00000000
15096032 96.4764351851852 0.0414687903875078 5.569758427127e-05 1.00000000
15097006 97.0579976851852 0.0385266343830288 3.67657874825665e-05 1.26244867
15097007 97.0800115740741 0.0406431959007954 3.75040588415331e-05 1.20058143
15097008 97.1040393518519 0.0400259051513634 3.7982338868626e-05 1.12513244
15097009 97.1267708333333 0.0413492077823858 7.36639584549803e-05 1.08151162
15097010 97.1336574074074 0.0416773310212961 3.98465934504069e-05 1.07218897
15097011 97.1553472222222 0.0416182295355648 4.10899828495337e-05 1.00000000
15097012 97.1773726851852 0.0404782757438624 4.12100207616088e-05 1.00000000
15097013 97.1992476851852 0.038918931137512 4.278922824935e-05 1.00000000
15097034 97.5685416666667 0.0391551198401403 3.37300508294375e-05 1.25706530
15097039 97.6284375 0.0393894707187346 6.24475225870351e-05 1.06223607
15097040 97.6378472222222 0.0405534007639273 3.86538236402713e-05 1.03194058
15097041 97.660625 0.0393029429391016 3.86586480352517e-05 1.00000000
15097042 97.6837037037037 0.0380699672383921 4.01161690873754e-05 1.00000000
15097043 97.7053587962963 0.0385436578913981 4.36726106950148e-05 1.00000000
15097044 97.7251388888889 0.0403636087948447 4.32054259984187e-05 1.00000000
15097046 97.7480324074074 0.0399849711576775 4.55756754199123e-05 1.00000000
15097049 97.7745023148148 0.0389279674128904 8.25540006083339e-05 1.00000000
15097050 97.7815046296296 0.0379338376189343 4.48645672765831e-05 1.00000000
15097051 97.803275462963 0.0421807490713694 7.55382840260427e-05 1.00000000
15097054 97.8168171296296 0.0400519915559649 4.84755799680716e-05 1.00000000
15097055 97.838125 0.0438534040730373 7.66982532711427e-05 1.00000000
15097056 97.8502546296296 0.0429183933305808 5.26405859862421e-05 1.00000000
15097057 97.8716550925926 0.0424410606231822 8.94682419586878e-05 1.00000000
15097059 97.8829513888889 0.0387139259167722 0.000552734410124742 1.00000000
15097061 97.8895833333333 0.0404731322823584 5.34066263346082e-05 1.00000000
15097062 97.9113310185185 0.0406298208487743 5.57736668535316e-05 1.00000000
15097063 97.9330671296296 0.0438567887000516 5.73154823872945e-05 1.00000000
15097064 97.9565162037037 0.0437129447232902 0.000106294187527861 1.00000000
15097065 97.9640046296296 0.0446648718182762 6.14137942569651e-05 1.00000000
15097066 97.9867013888889 0.0428580589344962 7.39898442632807e-05 1.00000000
15098001 98.005462962963 0.0431273115723985 8.2108728956878e-05 1.00000000
15098002 98.0199074074074 0.0438079506429706 0.000118001297127208 1.00000000
15098003 98.0270138888889 0.0427528439265961 6.32545989878152e-05 1.00000000
15098005 98.055787037037 0.0425098470273307 6.62699995670065e-05 1.00000000
15098029 98.4034837962963 0.0426144603368533 3.98847489790056e-05 1.25078583
15098035 98.4434259259259 0.0407446295660604 3.70820525121246e-05 1.15948761
15098036 98.4663194444444 0.0442208085760665 4.31537641410759e-05 1.03169680
15098037 98.4894675925926 0.041405874462029 4.19215442501668e-05 1.00000000
15098038 98.5108449074074 0.0454813603018506 4.44835122499149e-05 1.00000000
15098039 98.5328935185185 0.0441601364556971 6.7927730393745e-05 1.00000000
15098042 98.5723958333333 0.0404270625413489 7.07424516346319e-05 1.00000000
15100031 100.373935185185 0.0414252825169387 8.91512868891738e-05 1.28256655
15100032 100.378310185185 0.0403916326957818 3.71576738797132e-05 1.24942088
15100033 100.400625 0.0473884232973206 6.80293378077548e-05 1.17033660
15100035 100.414409722222 0.043886483775336 5.97697647697408e-05 1.07821834
15100036 100.425416666667 0.0434046934349087 4.16971346141808e-05 1.04930341
15100037 100.447106481481 0.045415913372684 4.24972228514834e-05 1.00000000
15100038 100.46900462963 0.0442090897027411 4.17696110530695e-05 1.00000000
15100039 100.491493055556 0.0490024653993173 5.39276696341531e-05 1.00000000
15100040 100.512858796296 0.0415196574946519 0.000150393714984561 1.00000000
15100100 100.853344907407 0.0428484595828909 0.000203651902910155 1.00000000
15100101 100.859328703704 0.0498153139590094 0.000100581604208541 1.00000000
15100102 100.88130787037 0.0438856044164207 0.000179883372257328 1.00000000
15100103 100.888032407407 0.0539755957808836 0.000259428890814833 1.00000000
15101014 101.294039351852 0.0364248601047683 3.53806613468288e-05 1.24478495
15101015 101.315659722222 0.0394126230570504 6.01925114419004e-05 1.16838908
15101016 101.324490740741 0.0401629926861679 3.91573594985539e-05 1.12783039
15101017 101.345856481481 0.0362991706740238 6.39363401667778e-05 1.04697287
15101018 101.355023148148 0.0368584966404014 3.81582938504919e-05 1.02263057
15101019 101.377025462963 0.0395788776549877 6.31916612530147e-05 1.00000000
15101020 101.390740740741 0.039796153593326 4.25834690759031e-05 1.00000000
15101021 101.413726851852 0.0417621296568029 4.33431709470987e-05 1.00000000
15101022 101.435775462963 0.0425704415532126 0.00012214029095246 1.00000000
15101023 101.440405092593 0.0403015786648249 4.48588541165158e-05 1.00000000
15102019 102.392303240741 0.0371908407464327 4.35760805231404e-05 1.20682287
15102020 102.41130787037 0.0416044222449184 3.95653118596687e-05 1.15239751
15102021 102.432824074074 0.0302383788006764 0.00206946389238361 1.05962682
15102022 102.433912037037 0.0404767609208493 3.98140084030186e-05 1.06386065
15102023 102.455335648148 0.0452905966999244 5.05826192901271e-05 1.02310884
15102024 102.473240740741 0.00032017261185266 0.000276919945232048 1.00000000
15102026 102.475173611111 0.037408097749216 4.40610652108891e-05 1.00000000
15102056 102.843391203704 0.0418052770970688 3.90973113111977e-05 1.20486903
15102057 102.865798611111 0.044622490792413 3.88561960911443e-05 1.13744450
15102058 102.890405092593 0.0419449642967266 4.24088199374218e-05 1.06373703
15102059 102.910520833333 0.0408473660785725 4.50316888367753e-05 1.00000000
15102060 102.9284375 0.0447711408193624 4.45253504460531e-05 1.00000000
15103024 103.466400462963 0.0363688045812195 3.69855759815492e-05 1.29385245
15103025 103.487824074074 0.0391995694673229 4.33840238025382e-05 1.18494451
15103026 103.504525462963 0.0401449294463391 6.46254465785488e-05 1.18182838
15103027 103.512476851852 0.0386175763454943 3.78709350851781e-05 1.15767944
15103028 103.533993055556 0.0375187364576294 3.7947046451692e-05 1.08725595
15103029 103.555625 0.0374899807621289 5.78737644323796e-05 1.00241780
15103030 103.566805555556 0.0362428774247421 4.13399691508591e-05 1.00000000
15103031 103.586284722222 0.0435205227013305 4.86577549242842e-05 1.00000000
15103060 103.95025462963 0.0368183118666095 3.54832823457203e-05 1.28154993
15103062 103.973726851852 0.0360226476391958 4.0022207565233e-05 1.20577788
15103063 103.995601851852 0.0381600794456064 0.000115678180185153 1.13146901
15104016 104.313587962963 0 0.000381640029335291 1.00000000
15104017 104.314861111111 0.0449537197028633 4.61681409860595e-05 1.00000000
15104018 104.336493055556 0.0333108607788593 0.00243784175655768 1.00000000
15104019 104.337349537037 0.0412297441814671 4.40704543673602e-05 1.00000000
15104020 104.358738425926 0.0387573963898888 4.24037464390592e-05 1.00000000
15104021 104.380011574074 0.0448276724009615 4.56607245709465e-05 1.00000000
15104022 104.401377314815 0.0435106414816179 4.59361951306726e-05 1.00000000
15104023 104.422835648148 0.0488560863640035 4.84108524460115e-05 1.00000000
15104024 104.446388888889 0.0405084337341367 5.60184459760306e-05 1.00000000
15104066 104.919699074074 0.0463101248501214 4.33606052704156e-05 1.23218334
15104067 104.94119212963 0.0448375233168508 4.26731136681851e-05 1.13725328
15104068 104.962650462963 0.0462412630056307 0.000159130618979111 1.07777989
15104069 104.966388888889 0.0441873091343569 4.02754920696933e-05 1.04738331
15104070 104.991689814815 0.0419232587148473 4.17519616423069e-05 1.00000000
15105001 105.013923611111 0.046341384326703 5.6606636027558e-05 1.00000000
15105002 105.029247685185 0.046279936314801 4.28777100718219e-05 1.00000000
15105003 105.054143518519 0.046819451594743 4.57220002835032e-05 1.00000000
15105004 105.077118055556 0.0427979611232164 4.60715885673015e-05 1.00000000
15105005 105.099236111111 0.0454884121747339 4.76950523669329e-05 1.00000000
15105006 105.122037037037 0.0490878885047439 5.19273800133509e-05 1.00000000
15105008 105.146493055556 0.0511838027819914 0.00011284355926936 1.00000000
15105023 105.410034722222 0.0457168888453571 4.10694775240953e-05 1.17802668
15105024 105.431469907407 0.0496994311966522 4.580170206767e-05 1.12500656
15105025 105.455243055556 0.0458026362883252 4.7835580572557e-05 1.17425001
15105026 105.480810185185 0.044804031358748 4.32933330127268e-05 1.08754170
15105028 105.50318287037 0.050064849237244 4.74076604978341e-05 1.00000000
15105029 105.525011574074 0.0450969037776844 7.17594964505005e-05 1.00000000
15105030 105.538900462963 0.0492046745957724 5.02047384113798e-05 1.00000000
15105031 105.561805555556 0.0495373106858117 6.39812655679825e-05 1.00000000
15105032 105.57943287037 0.0485257603481034 5.51811001508003e-05 1.00000000
15105033 105.600775462963 0.0522945667225969 0.000113788558057482 1.00000000
15105068 105.901944444444 0.0453355117106019 3.9204881219575e-05 1.36370838
15105070 105.924490740741 0.0439716646768502 3.94681076848663e-05 1.28212500
15105071 105.946168981481 0.0458159400256125 4.08488314270149e-05 1.21266675
15105072 105.968101851852 0.0472005740133785 4.38575317881174e-05 1.14374995
15105073 105.989907407407 0.0445285231089422 4.33598042606142e-05 1.06387508
15106001 106.011331018519 0.0475429659593273 4.57278890335001e-05 1.00000000
15106002 106.033078703704 0.0445189800332671 4.61025431873025e-05 1.00000000
15106005 106.068541666667 0.0453046949490343 6.03985917375341e-05 1.00000000
15106008 106.168865740741 0.049013018781959 7.49165874615937e-05 1.00000000
15106009 106.181238425926 0.047592914149987 5.57910977933387e-05 1.00000000
15106010 106.203009259259 0.0469646713385231 5.70593629101642e-05 1.00000000
15106011 106.224548611111 0.0508562548508082 6.93210187005837e-05 1.00000000
15107008 107.143518518519 0.0486981028242535 4.11335365596259e-05 1.35749996
15107009 107.166111111111 0.04841180475691 4.32452539030685e-05 1.25916672
15107010 107.187696759259 0.0482104260492452 4.27744992764254e-05 1.18562496
15107011 107.210081018519 0.0491465634109813 4.57323705093617e-05 1.11075008
15107012 107.231666666667 0.0429997397831713 4.7511091421603e-05 1.03445828
15107013 107.266215277778 0.045561287253511 5.33868967374787e-05 1.00000000
15107014 107.289212962963 0.0438367507051132 4.61825658506124e-05 1.00000000
15107015 107.310706018519 0.0435515478667885 9.0170610887446e-05 1.00000000
15107087 107.9378125 0.0411478230329642 3.63669404012495e-05 1.36483335
15107088 107.961886574074 0.0395727773152875 8.56800039553415e-05 1.30816674
15107089 107.966516203704 0.0452679984447897 4.09339476058624e-05 1.31820834
15107090 107.987951388889 0.0417778830016993 3.98811484032112e-05 1.23745835
15108001 108.009733796296 0.0435759248295969 3.91812640421527e-05 1.20512497
15108016 108.383321759259 0.0419470691253724 3.77257045401557e-05 1.29237497
15108017 108.408159722222 0.0392335558173999 5.0411458249255e-05 1.21558344
15108018 108.422291666667 0.0413164702617143 0.000153211831515226 1.20799994
15108019 108.424247685185 0.03783573620733 0.000177887255880943 1.20508337
15108020 108.425659722222 0.0417395190397735 0.00012895706860286 1.21645832
15108022 108.436759259259 0.0385315856948178 3.7834756834766e-05 1.18787503
15108023 108.459108796296 0.0461946182171347 4.13162408747241e-05 1.16895831
15108024 108.482928240741 0.0446331272426326 4.3330587735353e-05 1.10983336
15108025 108.504201388889 0.0425533428705091 5.25093064245886e-05 1.00000000
15108027 108.519166666667 0.0447095328717022 4.51748164926868e-05 1.00000000
15108028 108.540219907407 0.0450752018169928 8.69810719738083e-05 1.00000000
15109006 109.085069444444 0.044739696112025 3.94644360391688e-05 1.38037503
15109007 109.106574074074 0.0409832104234356 3.77124568086105e-05 1.32720840
15109008 109.128206018519 0.0466880441957799 4.09080837018005e-05 1.28187501
15109009 109.150844907407 0.0423160841093826 3.83273838198845e-05 1.21550000
15109010 109.174884259259 0.0428187537611603 4.12334332985012e-05 1.13529170
15109011 109.196122685185 0.0419553192544556 4.13650466489097e-05 1.11208332
15109012 109.217708333333 0.0457917855090781 4.4723088352574e-05 1.02904165
15109013 109.239189814815 0.0456928411017337 5.00356231579585e-05 1.01062500
15109038 109.656493055556 0.0438036837607549 4.92985313730832e-05 1.32470834
15109039 109.675324074074 0.0443584231128769 4.74413995270932e-05 1.31291664
15109040 109.694479166667 0.0386736098025214 0.000396632974144428 1.25075006
15109041 109.695532407407 0.0450181966036803 4.42530875625594e-05 1.25554168
15109042 109.71474537037 0.0453575174794915 0.000168498779470435 1.20108342
15109043 109.718078703704 0.0459321992148306 5.6440061294982e-05 1.16995835
15109045 109.732696759259 0.0459106289553004 9.82505446899052e-05 1.13079178
15109046 109.737696759259 0.0463495799657543 5.04970057031252e-05 1.12520838
15110008 110.093101851852 0.0412218569778414 3.90311559299029e-05 1.36137497
15110009 110.114861111111 0.0400778328382687 3.76788481702253e-05 1.31895828
15110010 110.136458333333 0.0418476201659 3.93307133900031e-05 1.29495835
15110011 110.15849537037 0.0396534206082886 3.85180014910164e-05 1.23199999
15110012 110.180104166667 0.0446368007325663 4.0551469867394e-05 1.16958332
15110013 110.203298611111 0.04025817350883 6.20593336333873e-05 1.10654163
15110031 110.57162037037 0.0437185614782155 4.38961421599137e-05 1.32950008
15110032 110.612094907407 0.0461018176704832 0.000838558649395963 1.15312505
15110033 110.614953703704 0.0401282390520599 4.00796747868771e-05 1.13995838
15110034 110.636157407407 0.0453859084152612 5.5252615405882e-05 1.05120838
15110035 110.651319444444 0.0437278053838775 6.5775014764397e-05 1.03137505
15112005 112.082650462963 0.0428345778493566 3.89211296105805e-05 1.30400002
15112006 112.104131944444 0.0434085042058321 4.0506255249624e-05 1.19554174
15112007 112.125740740741 0.0454027144883955 9.89814274365755e-05 1.13316667
15112028 112.494583333333 0.0407134031243584 3.62444079884749e-05 1.39804173
15112029 112.516365740741 0.0457029322722411 4.0721076063223e-05 1.28220832
15112030 112.537766203704 0.0430575869609096 4.49712689264726e-05 1.24325001
15112031 112.558298611111 0.0451137811445759 4.46002101430087e-05 1.18270838
15113001 113.004976851852 0.044794000815916 4.89024070485964e-05 1.29787505
15114053 114.888900462963 0.0441983651656312 3.9222339390477e-05 1.35825002
15114054 114.910590277778 0.0485778964388238 4.32268392584594e-05 1.32200003
15114055 114.932523148148 0.0466326673010589 4.23396432393987e-05 1.22775006
15114056 114.955416666667 0.0478804076312197 7.07734599383397e-05 1.21879172
15114057 114.966979166667 0.0504394600188689 5.09420995792983e-05 1.19495845
15114058 114.983761574074 0.047433502670094 8.13983186784051e-05 1.14908338
15115085 115.925543981481 0.0431384012333518 3.85292977649421e-05 1.31658340
15115086 115.9471875 0.047344583178755 4.1148979509095e-05 1.26129174
15115087 115.969027777778 0.0460825613865776 5.34993765871873e-05 1.20079172
15115088 115.982199074074 0.0438267638584671 9.27719892558262e-05 1.14295840
15116038 116.512326388889 0.0449595738617104 0.00018662079048345 1.35645831
15116039 116.515509259259 0.0477851706113343 4.09542703312593e-05 1.34204173
15116040 116.537002314815 0.046583420412099 4.20350302890325e-05 1.26041663
15116041 116.558645833333 0.0431937845199358 4.03481540937374e-05 1.16900003
15116042 116.58025462963 0.0422452022063528 4.82206549763607e-05 1.13133335
15117003 117.037488425926 0.0433532053374015 4.28049640801657e-05 1.30566669
15117004 117.055520833333 0.0457549651431 4.4713686678838e-05 1.23249996
15117005 117.074398148148 0.0400175638577143 5.49773496349812e-05 1.11737502
15117066 117.780891203704 0.0380986583847971 3.48654759793307e-05 1.33045840
15117067 117.80369212963 0.040546227365113 3.64460975445795e-05 1.35620844
15117068 117.826354166667 0.0431838325459285 3.851602785615e-05 1.27958333
15117069 117.848703703704 0.0408628085862164 3.71781607556849e-05 1.21462500
15117070 117.872824074074 0.0414723808410549 3.99072384045908e-05 1.15049994
15118019 118.337523148148 0.0403291363223251 3.71620834873025e-05 1.38666666
15118020 118.359166666667 0.0380272699821489 3.66470954473133e-05 1.28054166
15118021 118.38068287037 0.0422828463908439 4.03295107218386e-05 1.20066667
15118022 118.402268518519 0.044272692298715 4.18990880556452e-05 1.12520838
15118023 118.423831018519 0.0450572548893918 4.40844784757086e-05 1.05891669
15118024 118.445405092593 0.0432039068428432 6.34210405822455e-05 1.02858341
15119010 119.047106481481 0.0416563099954375 5.47388874611229e-05 1.34558344
15119011 119.059768518519 0.0419171571690606 3.79489969304754e-05 1.28250003
15119012 119.081840277778 0.0401480050461347 3.78183632423647e-05 1.22237504
15119013 119.103564814815 0.040219867361672 3.84744235270146e-05 1.17545843
15119014 119.12568287037 0.0442668689885421 4.2746866199768e-05 1.10104167
15119015 119.146990740741 0.0419415291993365 6.44147055293103e-05 1.06087506
15119035 119.565706018519 0.0425163892869201 3.63790077632079e-05 1.32595837
15119036 119.589525462963 0.0408326192363536 4.12119549912958e-05 1.24529159
15119065 119.989328703704 0.0452588383802116 3.95587277412887e-05 1.34308338
15120001 120.011469907407 0.0427586108196032 3.93561002047655e-05 1.25187504
15120002 120.032939814815 0.0432856192146278 4.07342124848451e-05 1.18179166
15120004 120.0575 0.0425012156637898 3.96122729377367e-05 1.12400007
15120005 120.081956018519 0.0451922956782063 4.20329753301357e-05 1.04070830
15120006 120.106111111111 0.0390616819520004 4.21762857735888e-05 1.00000000
15120007 120.127453703704 0.0431945729749574 4.43151278759375e-05 1.00000000
15120008 120.149108796296 0.0462616877110314 4.7414542377427e-05 1.00000000
15120009 120.170659722222 0.0432309330119363 4.68040065688243e-05 1.00000000
15120011 120.227164351852 0.0432460356442716 6.12639269541947e-05 1.00000000
15121006 121.100115740741 0.0458320518197789 3.95267487518337e-05 1.33279169
15121007 121.121736111111 0.0493916478048254 4.26144892714096e-05 1.26466668
15121008 121.14318287037 0.0487293746447659 4.14301135777653e-05 1.19575000
15121009 121.1678125 0.049236574265661 4.46781808418352e-05 1.09145832
15121010 121.189606481481 0.0522672401346388 7.04205635277764e-05 1.05108333
15121012 121.205092592593 0.0485389639178512 4.60398795404595e-05 1.02058339
15121013 121.226643518519 0.0487162794713614 4.59501049876653e-05 1.00000000
15121015 121.251041666667 0.0514689958798237 5.53720577690064e-05 1.00000000
15121016 121.268657407407 0.0512504978808093 5.02002303215077e-05 1.00000000
15121017 121.290798611111 0.0527623565083759 5.29220681891298e-05 1.00000000
15121018 121.312986111111 0.0507409066532617 4.72812389425138e-05 1.00000000
15121062 121.771689814815 0.000155162427810682 0.000109082750444207 1.37808335
15121077 121.978865740741 0.0529865364135248 4.33956476663969e-05 1.36233342
15121078 122.000497685185 0.0497163961533531 4.13001250345489e-05 1.29949999
15122003 122.028043981481 0.0504672963594062 4.424307048836e-05 1.19991672
15122004 122.050034722222 0.0518038433245949 4.6588646235982e-05 1.10904169
15122006 122.07337962963 0.051208242280367 4.58881874722571e-05 1.04479170
15122008 122.099733796296 0.0486811334319978 4.63237602667611e-05 1.00000000
15122010 122.123148148148 0.0507791022641866 4.86104859187605e-05 1.00000000
15122011 122.145208333333 0.0577217438684465 6.68706643660162e-05 1.00000000
15122042 122.565416666667 0.0486669439645518 3.44306875106086e-05 1.36362493
15122043 122.597638888889 0.0501891664028191 8.67200281733191e-05 1.11945832
15122044 122.605231481481 0.0489928255893139 4.10132323629752e-05 1.12358332
15122045 122.630729166667 0.0479748115446225 0.000103770287703452 1.13458335
15122049 122.689201388889 0.0471296614651312 8.840286913189e-05 1.00000000
15123009 123.139988425926 0.0488378864083759 4.06741236099564e-05 1.33545840
15123010 123.165810185185 0.0517147898354369 4.3101035260814e-05 1.25374997
15123011 123.189525462963 0.0507889958851447 6.04870355459596e-05 1.18616664
15123027 123.580763888889 0.0483682750098359 3.61064656089648e-05 1.30337501
15123028 123.609965277778 0.0481420161376942 4.09161017314058e-05 1.18166661
15123033 123.651134259259 0.0524964016097434 0.000105560315669632 1.07245839
15123035 123.659143518519 0.0473445072461773 4.4623791096638e-05 1.03333330
15123036 123.68099537037 0.0489108019235015 4.3282128484881e-05 1.00000000
15123037 123.705740740741 0.0511626355860501 5.05549111758139e-05 1.00000000
15124005 124.097905092593 0.0488173112056476 5.89401958271394e-05 1.34437501
15124006 124.116215277778 0.0477164834751686 4.13518313905632e-05 1.30550003
15124007 124.137731481481 0.0542124186277861 4.74881875111038e-05 1.21058345
15124008 124.157627314815 0.0521902642496974 4.40189829004863e-05 1.14579177
15124009 124.181898148148 0.0552664782163637 0.00015915132162501 1.00000000
15124010 124.187256944444 0.0498271732555314 9.27334793366895e-05 1.00000000
15124040 124.544895833333 0.0497903519663042 4.27818639031248e-05 1.31283331
15124041 124.566076388889 0.0509561779091723 3.73328861484079e-05 1.29395831
15124042 124.595694444444 0.0497374621875742 3.71441100977707e-05 1.18475008
15124043 124.626064814815 0.0515699197044322 4.61046087077878e-05 1.05320835
15124044 124.648414351852 0.0495800207119434 0.000108756848023633 1.02558339
15124063 124.997962962963 0.0513184713604776 4.19954427974432e-05 1.34562504
15125001 125.019675925926 0.0503246408951524 4.274188950791e-05 1.26300001
15125002 125.041099537037 0.0533737642415433 4.59135537507394e-05 1.18375003
15125003 125.062048611111 0.0553798449738436 9.09492497376668e-05 1.09712505
15125004 125.069641203704 0.0504116191123071 0.000106703433068322 1.09687495
15125007 125.087025462963 0.0548909637166954 5.62014364918339e-05 1.04750001
15126017 126.3115625 0.0470321531124211 4.20167168667655e-05 1.35937500
15126018 126.333136574074 0.0458749985243831 4.63238199816286e-05 1.27512503
15126019 126.355706018519 0.0461375001687605 8.30605573148289e-05 1.17133331
15126020 126.361759259259 0.0473409093756834 0.000258621707985676 1.17612493
15126021 126.36474537037 0.0426029593908023 7.80359024026887e-05 1.15491664
15126022 126.371064814815 0.0467395609295105 5.0582193522421e-05 1.14383328
15126023 126.390358796296 0.0492203459475687 4.80863797508542e-05 1.08424997
15126051 126.826284722222 0.0414606495607454 3.6212094529543e-05 1.34987497
15126052 126.849733796296 0.0426248399098943 3.59192723941918e-05 1.25516677
15126053 126.875520833333 0.043328487379726 4.62737977298213e-05 1.17579174
15126054 126.892465277778 0.0437110784266771 7.23599064330977e-05 1.11845839
15127013 127.253414351852 0.0433881478105275 4.20247255292981e-05 1.34666669
15128029 128.504675925926 0.0429986362306885 3.13487957274795e-05 1.33137500
15128030 128.537199074074 0.0417173081362377 6.76623039340926e-05 1.26650000
15128031 128.544895833333 0.0416327470022527 5.77382418144273e-05 1.23179173
15128032 128.557511574074 0.0456335560089638 3.3568685006474e-05 1.19883335
15128033 128.590069444444 0.0406113718088672 4.61140997445346e-05 1.10941672
15129009 129.197673611111 0.0398121772675844 3.66108386937073e-05 1.38341665
15129010 129.219351851852 0.0426191804940052 3.8261856572083e-05 1.28604162
15129011 129.242662037037 0.041564602957196 4.25761632085074e-05 1.23800004
15129012 129.26462962963 0.0412618380577355 3.43245654233784e-05 1.00000000
15129013 129.296539351852 0.0424700675066575 3.41918836206178e-05 1.06695831
15129014 129.328634259259 0.0413216056180433 6.54093013038579e-05 1.03816676
15129015 129.338368055556 0.0387456210132862 3.52634759974356e-05 1.01483333
15129016 129.367418981482 0.0432577138671184 3.76414558741003e-05 1.00000000
15129017 129.398078703704 0.0452229684572751 5.81020988112401e-05 1.00000000
15129018 129.412430555556 0.0386431372704361 4.0013104498377e-05 1.00000000
15129022 129.439722222222 0.0454106238833129 7.66728312416968e-05 1.00000000
15130007 130.118414351852 0.0453270917648728 4.0094722929392e-05 1.37112498
15130008 130.139861111111 0.0460585245985402 4.0898663280291e-05 1.31141675
15130009 130.161631944444 0.0440495413018753 4.10570837178157e-05 1.26262498
15130011 130.184050925926 0.0442261793333423 5.11354453238592e-05 1.19945836
15130045 130.819814814815 0.0440872083027738 3.35071526648002e-05 1.35874999
15130046 130.849074074074 0.0477423792590934 3.64995539969582e-05 1.20170832
15130047 130.878287037037 0.0428783740137036 3.30987434927736e-05 1.11887503
15130048 130.912280092593 0.0500565857329443 8.52848584883517e-05 1.02291667
15131012 131.247372685185 0.0427326673553014 3.82504175029041e-05 1.29433334
15131013 131.268831018519 0.0447087380409763 3.33192965857167e-05 1.20020831
15131014 131.301076388889 0.0448532989650786 5.70477555243473e-05 1.11141670
15131050 131.8778125 0.0328953022675475 2.87849480008558e-05 1.32295835
15131051 131.906296296296 0.0354547166857477 3.46603415437891e-05 1.23916662
15131052 131.928969907407 0.033075937125388 3.03855991439752e-05 1.13858342
15131053 131.957615740741 0.0355069832064403 7.16190012634629e-05 1.03170836
15132019 132.35619212963 0.0318119978589195 2.70173736943754e-05 1.32395828
15132035 132.865474537037 0.042685885687844 3.35566670083872e-05 1.34283340
15132036 132.893958333333 0.0435391867180219 3.70654248448313e-05 1.23254168
15132037 132.919039351852 0.0424994200025364 3.40929976335726e-05 1.16383326
15132038 132.949189814815 0.0401659707024352 5.65445844845406e-05 1.07983339
15133018 133.353194444444 0.0396512983628859 3.67260462578991e-05 1.35741663
15133019 133.374456018519 0.0397266477917628 3.69879394461228e-05 1.27987492
15133020 133.396724537037 0.0379867218216373 4.77106791581959e-05 1.20450008
15133021 133.410115740741 0.0390631495249304 3.23606704141792e-05 1.18241668
15134008 134.186631944444 0.0395758362295091 3.83162687444176e-05 1.30158341
15134009 134.207349537037 0.0441214006464301 4.02669780424352e-05 1.22020829
15134010 134.229074074074 0.038904878505824 5.55767177686485e-05 1.15483332
15136013 136.267118055556 0.0422099277352429 3.77624815411275e-05 1.31845832
15136014 136.289282407407 0.0438480829219011 4.20618468273741e-05 1.25816667
15136015 136.308773148148 0.0450433018019482 4.09928406896114e-05 1.20441675
15136016 136.330636574074 0.0465434384432306 3.9098268573192e-05 1.12662506
15136017 136.356423611111 0.0440989339485463 4.90950724449181e-05 1.06604171
15137038 137.724456018519 0.0450195439223769 3.95362677652852e-05 1.31775010
15137039 137.746111111111 0.0495421255467585 5.82025330397573e-05 1.23766673
15138072 138.908275462963 0.0481559641489166 4.23351029752329e-05 1.35054171
15138074 138.958009259259 0.0539248210979646 6.19730882549371e-05 1.15816677
15138075 138.970185185185 0.0531012385739018 3.93613230891906e-05 1.13962507
15139023 139.560196759259 0.0495982656132798 4.14352419294885e-05 1.38166666
15139024 139.583252314815 0.0466243160302443 3.64243357646103e-05 1.11045837
15139025 139.611944444444 0.0445309977995999 3.44745387535145e-05 1.19299996
15139026 139.643171296296 0.0511936012678735 3.80490589001363e-05 1.07191670
15140004 140.05443287037 0.0512120529622267 4.3290870196906e-05 1.24804163
15140005 140.077199074074 0.0515931913533154 4.35578694653191e-05 1.21516669
15140006 140.100196759259 0.0533128021498707 4.64393251091033e-05 1.13812494
15140007 140.122118055556 0.0501804328287423 4.97265821122259e-05 1.05949998
15140029 140.495335648148 0.0471225218261077 4.01466924546349e-05 1.32620835
15140030 140.517337962963 0.0501520565850906 3.64976136832131e-05 1.25566673
15140031 140.547430555556 0.0509361001277431 4.44948246565593e-05 1.17004168
15140032 140.569236111111 0.0486571994572324 4.41902279991854e-05 1.11141670
15140034 140.606539351852 0.0518800665155569 4.75385490751625e-05 1.01362503
15140035 140.629398148148 0.0489776723617951 7.26234986323882e-05 1.00000000
15140036 140.640289351852 0.0520484492687841 5.57374522119385e-05 1.00000000
15140037 140.657175925926 0.052113391482339 4.59722445125208e-05 1.00000000
15141004 141.074803240741 0.0487839193819111 4.1383568754688e-05 1.28262508
15141006 141.098819444444 0.0479986681039895 4.18618317456595e-05 1.18379176
15141007 141.120648148148 0.0468400064928493 4.15686454148345e-05 1.15920842
15141009 141.144756944444 0.0485831425211061 4.48949785637622e-05 1.06983340
15141010 141.166666666667 0.0491939433171482 4.62736233814126e-05 1.00491667
15141011 141.188460648148 0.0511215543240442 5.20755813791674e-05 1.00000000
15141012 141.2525 0.0519111880720687 0.000122558659829099 1.00000000
15141013 141.257534722222 0.0522241923253527 6.26322085534298e-05 1.00000000
15142021 142.325868055556 0.0507618120607791 4.29725236807528e-05 1.25979161
15142022 142.347858796296 0.0454161963124163 5.01070995652675e-05 1.19600010
15142025 142.366539351852 0.0473024646449239 0.000104247039626708 1.12475002
15143037 143.644398148148 0.0470115782348816 4.06894728708376e-05 1.27162504
15143038 143.666550925926 0.0483265707554677 5.31723781125724e-05 1.18716669
15143039 143.6821875 0.0517546731369822 4.64497082295606e-05 1.00000000
15143040 143.707013888889 0.0518977774407343 4.02072568160111e-05 1.00000000
15143041 143.738912037037 0.0509935597363054 4.17539911383953e-05 1.00000000
15144013 144.236423611111 0.0460622952808409 4.00855959503867e-05 1.34166670
15144014 144.258263888889 0.0515261058067858 4.42961167838568e-05 1.25179172
15144015 144.280162037037 0.0488365708871366 4.29883817329143e-05 1.21275008
15144017 144.303321759259 0.0512189105289115 5.62679035696263e-05 1.11508334
15144018 144.318368055556 0.0505506002322162 8.03468669214658e-05 1.06166661
15144054 144.694386574074 0.0483672936220685 3.50002684759063e-05 1.36858332
15144055 144.724583333333 0.0488059459193955 3.94947839988839e-05 1.15383327
15144056 144.750891203704 0.0479189845646172 6.39582389033276e-05 1.16895831
15144058 144.762361111111 0.0520949548586022 4.9230536200515e-05 1.11654162
15144060 144.782314814815 0.0485420511278867 5.7520444687549e-05 1.04708338
15145022 145.378310185185 0.0470192306852066 4.02994142750496e-05 1.35370839
15145023 145.40068287037 0.042659411417654 3.87047867618068e-05 1.29679167
15145024 145.422858796296 0.0471951165680639 4.17700663271972e-05 1.23912501
15146020 146.217199074074 0.0447770503909604 4.02123685706004e-05 1.26312494
15146023 146.244560185185 0.0486087739840771 4.349077065238e-05 1.15095830
15146025 146.269085648148 0.049431300806145 4.16552451656889e-05 1.07208335
15146026 146.295555555556 0.0455399232671994 0.000126816795646152 1.01908338
15146059 146.749756944444 0.0465426113986098 3.35185593750422e-05 1.37591660
15146060 146.78056712963 0.046336923767568 3.30709661811466e-05 1.25770831
15146061 146.813865740741 0.0448007376046907 3.9712027223805e-05 1.14300001
15146062 146.83818287037 0.0493096995574837 0.000241426088301507 1.06200004
15147009 147.209363425926 0.0456347576568096 3.80607322479101e-05 1.39725006
15147010 147.233333333333 0.0486526443989522 4.43431753311728e-05 1.32433343
15147011 147.252858796296 0.0507614840426665 4.29141387028304e-05 1.24916661
15147012 147.275532407407 0.0538592304308913 4.47760754243427e-05 1.17945826
15147013 147.2984375 0.0504313049075666 4.275610559509e-05 1.13908339
15147014 147.322905092593 0.0484307723329926 5.4291263145277e-05 1.09870839
15147015 147.338981481481 0.0476272014989533 3.98415082229372e-05 1.03212500
15150059 150.607060185185 0.0468235810355453 4.02979905070226e-05 1.29933345
15150060 150.629189814815 0.0472301044761059 4.03794851946505e-05 1.23625004
15150061 150.651805555556 0.0446242089319138 4.12487478814305e-05 1.19087505
15150063 150.683171296296 0.0493413934012406 8.3720175565955e-05 1.12158334
15150064 150.690648148148 0.0499562774476892 5.91832337937014e-05 1.10187495
15151019 151.304328703704 0.0462356235648654 3.91022204803493e-05 1.28595841
15151020 151.327708333333 0.0461359196129362 4.03325895371393e-05 1.24029160
15151021 151.35025462963 0.0429325812167335 5.55152939516527e-05 1.15733337
15151022 151.362025462963 0.0466371765097972 5.28626596583727e-05 1.13150001
15151023 151.376493055556 0.0449088892529965 4.083911170707e-05 1.08741665
15151024 151.400104166667 0.0456068253007252 6.32802399892228e-05 1.01458335
15151050 151.787233796296 0.0437799034475189 9.53301759624255e-05 1.31945837
15151051 151.791261574074 0.0425489203945289 0.000102105698590826 1.31558335
15151052 151.795960648148 0.0491930546517454 4.19691568780314e-05 1.31875002
15151053 151.817569444444 0.0521859837029575 4.49486065290143e-05 1.19245839
15151054 151.839131944444 0.0454968773667387 4.25369205863704e-05 1.15387499
15151055 151.860625 0.0493674012160355 4.65402834128457e-05 1.08604169
15151056 151.881168981481 0.0434440728524529 4.16835054366209e-05 1.00329173
15152015 152.301689814815 0.0451460348092595 4.01198002418096e-05 1.32275009
15152016 152.322974537037 0.0480622471820072 4.1993687349745e-05 1.24275005
15152017 152.344502314815 0.0483420408269046 4.32966099610404e-05 1.19937503
15152018 152.366134259259 0.0454454190237804 5.08901829025387e-05 1.11945832
15152020 152.384826388889 0.0439307172061527 5.21148068859465e-05 1.08020830
15152050 152.799236111111 0.0446211612993191 3.92880679183579e-05 1.32408333
15152051 152.821145833333 0.0431127821916013 6.28579773442751e-05 1.24412501
15152052 152.830381944444 0.0429065706962982 3.9239574857564e-05 1.20562506
15152053 152.852847222222 0.0481348173645263 4.48506874774374e-05 1.13645828
15152054 152.873391203704 0.04659517964273 3.8450811162129e-05 1.07487500
15153014 153.268483796296 0.0454233866281763 3.98030186892749e-05 1.34412503
15153015 153.29025462963 0.0435817388584984 3.88507346032516e-05 1.26683342
15153017 153.315185185185 0.0433772400788249 4.07393917736716e-05 1.19487500
15153018 153.336712962963 0.0425333201897483 4.09277026566545e-05 1.10087502
15153019 153.359074074074 0.0450104226426548 4.916926489239e-05 1.00466669
15153022 153.379699074074 0.045725171255111 6.63411490421058e-05 1.00000000
15153052 153.853912037037 0.0404869132165845 3.68340852020221e-05 1.36991668
15153053 153.875821759259 0.0445336624576384 3.95037184084019e-05 1.30179167
15153054 153.897581018519 0.0435055892782763 3.96655174419038e-05 1.23325002
15153055 153.919444444444 0.0417002766444805 4.0205125353631e-05 1.16154170
15153056 153.940613425926 0.0476013569254353 4.39791079965425e-05 1.12054169
15153057 153.962662037037 0.0451240637952404 4.30979381628084e-05 1.03987503
15153058 153.984849537037 0.0465073252456498 3.65770812700038e-05 1.00383329
15154001 154.018263888889 0.0454574788543938 4.23073292744227e-05 1.00000000
15154002 154.044293981481 0.0448886530665268 5.45141423503899e-05 1.00000000
15154003 154.061030092593 0.0490119407158646 5.94743292542251e-05 1.00000000
15154021 154.494074074074 0.0452587050517311 4.53113997795343e-05 1.18595839
15154022 154.513113425926 0.0476471592347914 4.27473166025408e-05 1.14254177
15154023 154.535509259259 0.0481877433417147 4.6160033358532e-05 1.11283338
15154024 154.555752314815 0.0492727408423035 5.82723441022145e-05 1.06704175
15156019 156.333530092593 0.0428675778715648 3.8154706818702e-05 1.33812499
15156020 156.355671296296 0.0446925896649885 4.07792830193458e-05 1.26654160
15156021 156.377256944444 0.0429804183882535 4.0603743352404e-05 1.19529164
15156022 156.398935185185 0.0466576046405681 4.36528342408013e-05 1.11895835
15156023 156.420324074074 0.0456985214211542 5.95537436840805e-05 1.07404160
15156024 156.434398148148 0.044477602575833 6.14589791329718e-05 1.04758334
15157022 157.432280092593 0.0477458956483011 8.8536207184733e-05 1.32704175
15157023 157.437928240741 0.049750482171829 4.30391150618874e-05 1.30133331
15157024 157.460914351852 0.0485040682201068 4.39824569379155e-05 1.18791664
15157025 157.483078703704 0.0464919849218225 4.42658911864856e-05 1.14437497
15157028 157.510034722222 0.0489603789684293 4.60123460535726e-05 1.23304164
15157029 157.531678240741 0.0505660889841955 5.4568640730928e-05 1.00204170
15157059 157.946574074074 0.0427219533290591 3.78107945246825e-05 1.38741672
15157060 157.967743055556 0.044069067909651 3.24547098466321e-05 1.32483339
15157061 157.999212962963 0.0483633284270927 3.50596914714605e-05 1.22291672
15158001 158.030844907407 0.0499249169652183 6.2112028313439e-05 1.12416661
15158039 158.519699074074 0.0448852343009402 3.82660166106036e-05 1.33783340
15158040 158.542592592593 0.043493124994368 4.02140660379734e-05 1.28066671
15159005 159.105775462963 0.0452789425850972 3.93825621696748e-05 1.34966660
15159006 159.127037037037 0.0450771770416892 3.96190846327587e-05 1.31883335
15159007 159.148287037037 0.0450802266433341 4.01811246059591e-05 1.26620841
15159008 159.169965277778 0.0473367532519705 3.76591849517104e-05 1.23045838
15159009 159.19724537037 0.0443169798088975 3.18284113683047e-05 1.13295841
15159031 159.594363425926 0.0474632857774534 4.16192566106943e-05 1.28429174
15159032 159.615798611111 0.0451400115122271 3.9788611615865e-05 1.22958338
15159033 159.638738425926 0.0455201063642976 4.21085119211963e-05 1.14862502
15159034 159.660381944444 0.0441352790147675 4.08421968674984e-05 1.09062505
15159035 159.68380787037 0.0444647233898107 4.32551565366222e-05 1.01416671
15159036 159.706296296296 0.0485450083635387 4.62516154512683e-05 1.00000000
15160004 160.116111111111 0.0488818498750024 3.36860461832184e-05 1.35766673
15160005 160.148125 0.0459140188385993 5.15712896267838e-05 1.24500000
15160006 160.163587962963 0.0496989560999181 4.2268394292331e-05 1.21899998
15160007 160.186666666667 0.0502745993274379 4.00966353437632e-05 1.15533340
15160042 160.798009259259 0.0471526309578381 3.968090850851e-05 1.38404167
15160043 160.820868055556 0.0456672986123119 4.14769610470763e-05 1.27308345
15160044 160.84212962963 0.0420044602799172 3.90862872504683e-05 1.22424996
15160045 160.863831018519 0.0444506111337143 4.0871995689685e-05 1.17733335
15160046 160.885960648148 0.043178838491714 4.27665621469298e-05 1.04275000
15160047 160.907835648148 0.0471165541819197 4.40341845432671e-05 1.03087509
15160048 160.930451388889 0.0442566628507349 6.13064411129942e-05 1.00000000
15161016 161.326701388889 0.0434547344549814 4.00254802475042e-05 1.34866667
15161017 161.34880787037 0.0458352294744067 8.74585031302931e-05 1.27575004
15161018 161.355069444444 0.0485192900578925 4.31107377541381e-05 1.24291670
15161019 161.377094907407 0.0460675377814976 4.17954383604777e-05 1.18254173
15161020 161.399537037037 0.0440887324921647 6.92850441432506e-05 1.12108338
15161021 161.408449074074 0.0461858922024385 4.25585953517047e-05 1.12245834
15161022 161.431481481481 0.0487513031931259 0.000112225176792095 1.03579175
15161068 161.909930555556 0.0511968794355957 5.37803397782855e-05 1.05566669
15161069 161.930358796296 0.0523742808280945 5.65732954871569e-05 1.02158332
15161070 161.95224537037 0.0514665112014744 5.13250246709108e-05 1.00000000
15161071 161.973738425926 0.0507701432600515 4.9906740525576e-05 1.00000000
15161072 161.996319444444 0.0506260161627723 5.34527216261169e-05 1.00000000
15162001 162.017974537037 0.0537229463938387 6.76533530815088e-05 1.00000000
15162027 162.569976851852 0.0435839146350125 4.39745422150638e-05 1.28479171
15162028 162.592060185185 0.0484483587290636 5.10539074115456e-05 1.17174995
15162029 162.612662037037 0.0450977153131155 4.73694832288252e-05 1.11116672
15162030 162.634201388889 0.0475483753329061 5.04542062773321e-05 1.06050003
15162031 162.654861111111 0.0464014176774241 0.00010834805254012 1.00083339
15162032 162.660196759259 0.0465671477484431 5.05921713635614e-05 1.00533330
15163006 163.097002314815 0.0448432993177023 4.53746879465205e-05 1.41479170
15163007 163.11869212963 0.0447049855538205 4.50656746741738e-05 1.31704175
15163008 163.140289351852 0.0482031669156907 4.74584803923401e-05 1.25170839
15163009 163.16193287037 0.0470848001003467 4.69668047517581e-05 1.18470836
15163010 163.183796296296 0.0458971097960589 4.66098688243863e-05 1.11029160
15164002 164.029085648148 0.0427001039982331 3.92034429800244e-05 1.76347804
15164003 164.050891203704 0.0443051848616892 4.41857892808424e-05 1.77670801
15164004 164.071539351852 0.0468834728319989 4.47091986910804e-05 1.66238999
15164005 164.094328703704 0.0452943850173551 4.27496876543777e-05 1.52949607
15164006 164.11775462963 0.0469040173399761 4.8005618470597e-05 1.44503999
15164007 164.139606481481 0.0439568973208585 4.76737846809751e-05 1.31889606
15164008 164.161469907407 0.0426365477884624 4.4827964135008e-05 1.28892601
15164009 164.184664351852 0.044677325522552 4.85861426063545e-05 1.21813214
15164049 164.702291666667 0.0448105829387571 4.32457167575551e-05 2.14758015
15165040 165.665277777778 0.0474622243040397 4.27242828948198e-05 2.22891760
15165041 165.686539351852 0.0486006621219555 4.51162239621211e-05 2.07333016
15165042 165.708020833333 0.0438267537590561 4.25621720077611e-05 1.95655501
15165043 165.729722222222 0.046592232434202 4.33768216550761e-05 1.84774506
15165044 165.753854166667 0.0526738978480315 6.65576649020654e-05 1.73549259
15165045 165.767199074074 0.046654325964108 0.000104140537105255 1.68729746
15165046 165.772314814815 0.046712348746055 4.97437990800023e-05 1.68547499
15165047 165.79369212963 0.0496978808213061 8.57896580589239e-05 1.56593251
15166010 166.152233796296 0.0459596160291639 4.03004901706172e-05 2.33185506
15166011 166.173831018519 0.0479965371571807 4.83608075692425e-05 2.15034771
15166014 166.206631944444 0.0474761732094368 4.3628574278052e-05 1.91450262
15166015 166.228587962963 0.0472149351557727 4.26597391531227e-05 1.82452500
15166016 166.2525 0.0439288975039213 4.47810586719419e-05 1.67649746
15166017 166.273726851852 0.0475334862700057 4.87776700704944e-05 1.64544749
15166040 166.670034722222 0.0464674078670228 4.16101039661758e-05 2.06367755
15166041 166.692384259259 0.0432426787165292 4.02758682777269e-05 1.93063509
15166042 166.714907407407 0.0439919898006848 5.63689888402932e-05 1.81743765
15166043 166.728090277778 0.0486016533188969 4.49045185410875e-05 1.78247249
15166044 166.75005787037 0.046739844075295 4.53096372203182e-05 1.63890004
15166045 166.771296296296 0.0442757114714799 0.000148449240028008 1.57207501
15166046 166.773900462963 0.0471896869985033 0.000109300707593442 1.56282759
15166047 166.778564814815 0.0433799164530279 5.72030849713503e-05 1.52516246
