15094070 94.9364583333333 0.0374847222091156 0.000125976288665224 1.00000000
15094071 94.9577199074074 0.0410209720296187 0.000141970351341786 1.00000000
15094073 94.9839236111111 0.0358757965287055 0.000125091325444842 1.00000000
15095001 95.006087962963 0.039527890789626 0.000241281830636132 1.00000000
15095016 95.3110763888889 0.0367309500792547 0.00019169345646928 1.00000000
15095017 95.3245486111111 0.0398569582034659 0.00013672647069271 1.00000000
15095018 95.3463194444445 0.0420022650015177 0.000144892999372384 1.00000000
15095019 95.3678009259259 0.0377151239266413 0.00012728554922949 1.00000000
15095020 95.3922685185185 0.0535244795008521 0.000160709825899543 1.00000000
15095021 95.4153356481481 0.0539198641241175 0.000162774430950192 1.00000000
15095022 95.4373032407407 0.0565958745176502 0.000166589936896967 1.00000000
15095023 95.4601273148148 0.0537884868313879 0.000169639310768032 1.00000000
15095024 95.4816898148148 0.0562255124399448 0.000190207920486251 1.00000000
15095025 95.503599537037 0.0600510018932894 0.000185157493285609 1.00000000
15095026 95.5252083333333 0.0562820539588921 0.000180514237803456 1.00000000
15095027 95.5468171296296 0.0555598851834497 0.000216189933195446 1.00000000
15095028 95.5624074074074 0.057983089335255 0.000228692772571864 1.00000000
15095046 95.7824305555556 0.0337761386452619 0.00069308090851789 1.00000000
15095047 95.7837152777778 0.031655402468702 0.000174455531661615 1.00000000
15095048 95.7963310185185 0.0339700790213105 0.000121188391668547 1.00000000
15095049 95.8171180555556 0.036717912567452 0.0001358036776308 1.00000000
15095050 95.838587962963 0.0350567314290055 0.000137867695294914 1.00000000
15095051 95.8600115740741 0.0379355052363712 0.000141920332728538 1.00000000
15095052 95.8832291666667 0.0382876317010236 0.000254028918338812 1.00000000
15096018 96.2182291666667 0.0296303654164127 0.000104431829693602 1.00000000
15096019 96.2405555555555 0.0344496193781625 0.000126570689891245 1.00000000
15096020 96.2601388888889 0.0364011999966837 0.000126350006931453 1.00000000
15096021 96.2816898148148 0.0333118015526815 0.00012135758804511 1.00000000
15096022 96.3032060185185 0.0367798967294055 0.000212050147821234 1.00000000
15096023 96.3119791666667 0.0377912395329139 0.00021631371452457 1.00000000
15096024 96.3203703703704 0.0394345721476715 0.000176473090749015 1.00000000
15096025 96.3340277777778 0.057666979311812 0.000227154076214144 1.00000000
15096026 96.3491898148148 0.0577976811828432 0.000167263360478442 1.00000000
15096027 96.3709143518519 0.0544385635520554 0.000186562029118091 1.00000000
15096028 96.3950578703704 0.0544161403063739 0.000373563014154677 1.00000000
15096029 96.407662037037 0.0542375544731167 0.000163578690206087 1.00000000
15096030 96.4305208333333 0.0593928394534025 0.000171061387735154 1.00000000
15096031 96.4547106481481 0.0523106204546907 0.000172602793857798 1.00000000
15096032 96.4764351851852 0.0535584275253154 0.000228599120105802 1.00000000
15096050 96.81875 0.0245828459213791 0.00016429300010107 1.00000000
15096059 96.9692708333333 0.0368087207686098 0.000121252690466711 1.00000000
15096060 96.9893634259259 0.0380768122054479 0.000159365586489736 1.00000000
15097005 97.0338194444445 0.0350054544744238 0.000120556450186787 1.00000000
15097006 97.0579976851852 0.0494840928332334 0.00015384724861415 1.00000000
15097007 97.0800115740741 0.0521516356594781 0.000155644912365492 1.00000000
15097008 97.1040393518519 0.0518498552721482 0.000159424531836335 1.00000000
15097009 97.1267708333333 0.0524308488631551 0.000306457002998283 1.00000000
15097010 97.1336574074074 0.0534812054010156 0.000165366939696842 1.00000000
15097011 97.1553472222222 0.0527255501355659 0.000166664008497381 1.00000000
15097012 97.1773726851852 0.0515437083744569 0.000167659953952509 1.00000000
15097013 97.1992476851852 0.0495350753904685 0.000174008689188773 1.00000000
15097023 97.429375 0.0319451505689911 0.000295407640690227 1.00000000
15097024 97.4344097222222 0.0317985029322712 9.64549765151912e-05 1.00000000
15097025 97.4623958333333 0.0337700915957469 0.000266252760990827 1.00000000
15097026 97.4676041666667 0.0352768099969973 0.000190934820693088 1.00000000
15097027 97.4780439814815 0.0337088876334363 0.000115478959931715 1.00000000
15097028 97.4996412037037 0.0329256595591017 0.000117143430523368 1.00000000
15097029 97.521400462963 0.0350095363919086 0.000127194834079022 1.00000000
15097030 97.5428587962963 0.0336152711038131 0.000243778746711681 1.00000000
15097032 97.561087962963 0.0346583009423011 0.000263284479016074 1.00000000
15097034 97.5685416666667 0.0514791507403836 0.000151257500582597 1.00000000
15097039 97.6284375 0.0514174870183085 0.000276017571159827 1.00000000
15097040 97.6378472222222 0.0533068571200602 0.000170746562667409 1.00000000
15097041 97.660625 0.0518424843826257 0.00016916767304097 1.00000000
15097042 97.6837037037037 0.0500014587813987 0.000174312164662866 1.00000000
15097043 97.7053587962963 0.0504761665581439 0.00018862148936353 1.00000000
15097044 97.7251388888889 0.0531046783773401 0.000186086748001328 1.00000000
15097046 97.7480324074074 0.0528726004055619 0.000197651483218809 1.00000000
15097049 97.7745023148148 0.0518480192251316 0.00035525154495008 1.00000000
15097050 97.7815046296296 0.0500099398931869 0.000191155718199239 1.00000000
15097051 97.803275462963 0.0552195653757734 0.000319240678736117 1.00000000
15097054 97.8168171296296 0.0529106189220935 0.000205618914515602 1.00000000
15097055 97.838125 0.0578168064883383 0.000324668247204332 1.00000000
15097056 97.8502546296296 0.0563325171169171 0.000220986343687107 1.00000000
15097057 97.8716550925926 0.0564921794806875 0.000376764706561234 1.00000000
15097059 97.8829513888889 0.0508557614371504 0.00227154228070854 1.00000000
15097061 97.8895833333333 0.0537459991115298 0.000222463698141902 1.00000000
15097062 97.9113310185185 0.053562353141198 0.000229672990783223 1.00000000
15097063 97.9330671296296 0.0582973011616073 0.000236038608362401 1.00000000
15097064 97.9565162037037 0.0560660916457262 0.000422797184344522 1.00000000
15097065 97.9640046296296 0.0584109994969927 0.000246058476571579 1.00000000
15097066 97.9867013888889 0.0568664821457415 0.000298221230198713 1.00000000
15098001 98.005462962963 0.0554342272841836 0.000326112509966057 1.00000000
15098002 98.0199074074074 0.058057485318688 0.000474641891896462 1.00000000
15098003 98.0270138888889 0.0563070948470404 0.000250348941699526 1.00000000
15098005 98.055787037037 0.055757027884294 0.000260038679779728 1.00000000
15098020 98.299537037037 0.0352414417715779 0.000156443257762872 1.00000000
15098021 98.3210416666667 0.0338307445551939 0.000154363339634317 1.00000000
15098022 98.3425694444444 0.0335046341258329 0.000200373947577108 1.00000000
15098024 98.3649189814815 0.0349925124429072 0.000308279334803797 1.00000000
15098028 98.3859953703704 0.040826763329763 0.000162704154545167 1.00000000
15098029 98.4034837962963 0.0555105879239644 0.00017428375453953 1.00000000
15098035 98.4434259259259 0.0536758870895605 0.000166462757729867 1.00000000
15098036 98.4663194444444 0.0572140919458569 0.000186434810257145 1.00000000
15098037 98.4894675925926 0.0546426025732174 0.000178105451061855 1.00000000
15098038 98.5108449074074 0.059998241484006 0.000187312405401973 1.00000000
15098039 98.5328935185185 0.0585215992550011 0.000281642502001525 1.00000000
15098042 98.5723958333333 0.053116245220424 0.000290608961423019 1.00000000
15098075 98.9688310185185 0.0333391780380978 0.000712700706999849 1.00000000
15098076 98.9702083333333 0.031242892564667 0.000105517808500459 1.00000000
15098077 98.9922106481481 0.0296524390592103 0.000346480426526282 1.00000000
15099002 99.0197453703704 0.0311109658984949 0.000225805779567126 1.00000000
15099003 99.0258680555556 0.0307895643966462 0.000125051351230767 1.00000000
15100026 100.295694444444 0.034750246437913 0.000510206477155342 1.00000000
15100029 100.334895833333 0.0386592848823107 0.000135146239210012 1.00000000
15100030 100.357418981481 0.0364231206793516 0.000175730264661796 1.00000000
15100031 100.373935185185 0.0548772521128614 0.000383650438187205 1.00000000
15100032 100.378310185185 0.053227578727909 0.000158325738098399 1.00000000
15100033 100.400625 0.0619814066806336 0.000284535956385086 1.00000000
15100035 100.414409722222 0.0573706420905648 0.000248476127368508 1.00000000
15100036 100.425416666667 0.0563882689203182 0.000171389308301084 1.00000000
15100037 100.447106481481 0.0589155885684696 0.00017630727798033 1.00000000
15100038 100.46900462963 0.0580201967371554 0.000175374352649054 1.00000000
15100039 100.491493055556 0.0635365371098348 0.000220632966465984 1.00000000
15100040 100.512858796296 0.0538040465418291 0.000613573382280771 1.00000000
15100100 100.853344907407 0.0503138561257518 0.000604191714097082 1.00000000
15100101 100.859328703704 0.0581740625910024 0.000296622605811355 1.00000000
15100102 100.88130787037 0.0520971846330403 0.00053516595628261 1.00000000
15100103 100.888032407407 0.0643246004047852 0.000775816635179866 1.00000000
15101009 101.182430555556 0.0321894439729571 0.000111783374148723 1.00000000
15101010 101.204386574074 0.0322708060994461 0.000115503010069896 1.00000000
15101011 101.227430555556 0.0324784801876907 0.000124179837229383 1.00000000
15101012 101.249027777778 0.0366240021778441 0.00013668633139588 1.00000000
15101013 101.272546296296 0.0350301163671847 0.000135732336600523 1.00000000
15101014 101.294039351852 0.0479064525307675 0.000157563339068087 1.00000000
15101015 101.315659722222 0.0511433990282386 0.000263705961554434 1.00000000
15101016 101.324490740741 0.0522758610063962 0.000170261459500063 1.00000000
15101017 101.345856481481 0.0472566726119493 0.000276402857587011 1.00000000
15101018 101.355023148148 0.0479187252947953 0.000165103452956068 1.00000000
15101019 101.377025462963 0.0513930104527406 0.000270193847994922 1.00000000
15101020 101.390740740741 0.0515288987018186 0.000181646166344649 1.00000000
15101021 101.413726851852 0.0540834462693594 0.00018195815095255 1.00000000
15101022 101.435775462963 0.0560062320682 0.000520435853554266 1.00000000
15101023 101.440405092593 0.0527193595194833 0.000189627442693328 1.00000000
15101051 101.880787037037 0.0406342533883882 0.000127806530603354 1.00000000
15102014 102.285833333333 0.0349411510088031 0.000120808824340723 1.00000000
15102015 102.307175925926 0.0348712151931741 0.000127569547113118 1.00000000
15102016 102.328738425926 0.0366979922648935 0.000153566533485277 1.00000000
15102017 102.349490740741 0.0315860433960586 0.000123887447062702 1.00000000
15102018 102.370856481481 0.0342666567586904 0.000131587592249541 1.00000000
15102019 102.392303240741 0.0487918619595273 0.000192186082389994 1.00000000
15102020 102.41130787037 0.0543153915619758 0.000172167249803503 1.00000000
15102021 102.432824074074 0.0416382162046028 0.0111920964063009 1.00000000
15102022 102.433912037037 0.0533652620406051 0.000174392011769626 1.00000000
15102023 102.455335648148 0.0588400770831249 0.000217943482651551 1.00000000
15102024 102.473240740741 0 0.00897407315166361 1.00000000
15102026 102.475173611111 0.049613003246066 0.000190831511356218 1.00000000
15102041 102.733634259259 0.0337966351209976 0.000331749950467177 1.00000000
15102042 102.737094907407 0.0346401293891172 0.000192213012263365 1.00000000
15102043 102.745752314815 0.0386184650445668 0.000143124059357961 1.00000000
15102044 102.763796296296 0.0353384411209917 0.000405874502297918 1.00000000
15102046 102.775 0.0367484812512881 0.00104636713677907 1.00000000
15102047 102.778078703704 0.0408522994719988 0.000874887820787101 1.00000000
15102050 102.7871875 0.0331716870298971 0.000136358671723234 1.00000000
15102053 102.81412037037 0.0328101879367864 0.000121162354633223 1.00000000
15102056 102.843391203704 0.0557879470959683 0.00017347295636111 1.00000000
15102057 102.865798611111 0.0589098091673439 0.000170135665041864 1.00000000
15102058 102.890405092593 0.055592928729819 0.000184993610019212 1.00000000
15102059 102.910520833333 0.0536987307087277 0.000193608781756363 1.00000000
15102060 102.9284375 0.0591059501704721 0.000190840788747034 1.00000000
15103019 103.372025462963 0.034680043661935 0.000115904618239397 1.00000000
15103020 103.394155092593 0.0322968537088696 0.000213553889964076 1.00000000
15103021 103.402083333333 0.0342193027072541 0.000121050200325217 1.00000000
15103022 103.423472222222 0.0327575364563239 0.000124181202194515 1.00000000
15103023 103.444780092593 0.0316734785712424 0.000123227527203307 1.00000000
15103024 103.466400462963 0.0483107040119327 0.000164076551944861 1.00000000
15103025 103.487824074074 0.0512455613702458 0.000191568691227606 1.00000000
15103026 103.504525462963 0.0528983536187752 0.000283525365008719 1.00000000
15103027 103.512476851852 0.050509722713252 0.00016523829724197 1.00000000
15103028 103.533993055556 0.0489460515905767 0.00016252125609989 1.00000000
15103029 103.555625 0.0486496257169429 0.000244755205025747 1.00000000
15103030 103.566805555556 0.0471578331923705 0.000174952595228664 1.00000000
15103031 103.586284722222 0.0565499439927961 0.000205221581303034 1.00000000
15103055 103.855474537037 0.0395293099015382 0.00012752579998741 1.00000000
15103056 103.876828703704 0.0297207271938339 0.000111634153698126 1.00000000
15103057 103.898333333333 0.0338916940415571 0.00029844104566852 1.00000000
15103058 103.906400462963 0.0314574977567391 0.000122889396005282 1.00000000
15103059 103.927615740741 0.0313013489828993 0.000123497518018289 1.00000000
15103060 103.95025462963 0.0487586271632503 0.000158530721851652 1.00000000
15103062 103.973726851852 0.0473231476655805 0.000176192746491694 1.00000000
15103063 103.995601851852 0.0509146948457553 0.000518374775036661 1.00000000
15104012 104.228993055556 0.0380742321046771 0.000124537016630008 1.00000000
15104013 104.249444444444 0.0382193285440971 0.000139265879379219 1.00000000
15104014 104.268842592593 0.0386112434445696 0.000136039166679487 1.00000000
15104015 104.292118055556 0.0376438130206217 0.000138254370229403 1.00000000
15104016 104.313587962963 0 0.01056972447245 1.00000000
15104017 104.314861111111 0.0569656959243689 0.00018615490120395 1.00000000
15104018 104.336493055556 0.051977414161642 0.0106292612440864 1.00000000
15104019 104.337349537037 0.0529339022411126 0.000178861580674473 1.00000000
15104020 104.358738425926 0.0500720313009864 0.000172618983926435 1.00000000
15104021 104.380011574074 0.0571493170344033 0.000186219845971048 1.00000000
15104022 104.401377314815 0.0555494061226115 0.000190643225452085 1.00000000
15104023 104.422835648148 0.061802915211723 0.000196378606902854 1.00000000
15104024 104.446388888889 0.0517465039210274 0.00022885035359496 1.00000000
15104060 104.858460648148 0.0358200141634901 0.00035718616522958 1.00000000
15104062 104.86412037037 0.0475621811272577 0.000599138916636939 1.00000000
15104063 104.866203703704 0.0417173330733275 0.000195447365564418 1.00000000
15104064 104.877407407407 0.0352740754986665 0.000134306303054263 1.00000000
15104065 104.897361111111 0.0385364064403259 0.000132356270028387 1.00000000
15104066 104.919699074074 0.0598689024396163 0.000183660087616598 1.00000000
15104067 104.94119212963 0.057671239295285 0.000178942484155705 1.00000000
15104068 104.962650462963 0.0590383737502302 0.000665983439418998 1.00000000
15104069 104.966388888889 0.0569403720065763 0.000167038639945653 1.00000000
15104070 104.991689814815 0.054852049832953 0.000173681410610165 1.00000000
15105001 105.013923611111 0.0597394392284325 0.000231376804477747 1.00000000
15105002 105.029247685185 0.0596160687687638 0.000174472086442684 1.00000000
15105003 105.054143518519 0.0603145645036254 0.000184141802671541 1.00000000
15105004 105.077118055556 0.0554605413357242 0.000184776358212653 1.00000000
15105005 105.099236111111 0.0586327089296954 0.000188948133809514 1.00000000
15105006 105.122037037037 0.0626882269686052 0.000203778089640249 1.00000000
15105008 105.146493055556 0.0653856724901412 0.000437777967387944 1.00000000
15105019 105.354652777778 0.0399783098179341 0.000258790432469114 1.00000000
15105020 105.363368055556 0.0403677279306741 0.000140744614995301 1.00000000
15105021 105.384733796296 0.0422632490991847 0.000145582402022722 1.00000000
15105023 105.410034722222 0.0594309385899543 0.00017523715181407 1.00000000
15105024 105.431469907407 0.0644855054334714 0.000193789497910506 1.00000000
15105025 105.455243055556 0.0596078137842059 0.000203402543259433 1.00000000
15105026 105.480810185185 0.0587674704439815 0.000183646839959542 1.00000000
15105028 105.50318287037 0.064345401670694 0.000195917685832954 1.00000000
15105029 105.525011574074 0.0589001485427135 0.000296405222390431 1.00000000
15105030 105.538900462963 0.0640160096604174 0.000207205567514174 1.00000000
15105031 105.561805555556 0.0634885955414156 0.000253082842398073 1.00000000
15105032 105.57943287037 0.0623850893428752 0.000216837915137078 1.00000000
15105033 105.600775462963 0.0671270248841086 0.00044120808317521 1.00000000
15105063 105.823784722222 0.0394414301048259 0.000140466537746052 1.00000000
15105064 105.844224537037 0.0411797460416396 0.000362991476421475 1.00000000
15105065 105.848217592593 0.042494534922008 0.000138741674582227 1.00000000
15105067 105.879027777778 0.0364601000255226 0.000133808389816131 1.00000000
15105068 105.901944444444 0.0589917872957772 0.000172077390439297 1.00000000
15105070 105.924490740741 0.0565847971878898 0.00017120736829846 1.00000000
15105071 105.946168981481 0.0591420047438346 0.00017634944315731 1.00000000
15105072 105.968101851852 0.0610259801170979 0.000188386752863287 1.00000000
15105073 105.989907407407 0.0572459398015739 0.000183361827292066 1.00000000
15106001 106.011331018519 0.0609861888840137 0.000191981284103306 1.00000000
15106002 106.033078703704 0.0576338307907216 0.000193038769803407 1.00000000
15106005 106.068541666667 0.0581309943542383 0.000248329720314564 1.00000000
15106008 106.168865740741 0.0626996534316976 0.000298508130080768 1.00000000
15106009 106.181238425926 0.0610182810327376 0.000221515908542747 1.00000000
15106010 106.203009259259 0.0604921090994483 0.000225163686877989 1.00000000
15106011 106.224548611111 0.0646137679803302 0.000269792054707601 1.00000000
15107005 107.083622685185 0.0378412652590792 0.000130248403408472 1.00000000
15107006 107.105648148148 0.0398447893379729 0.000136429914396043 1.00000000
15107007 107.127071759259 0.0380617367540598 0.000173485877797866 1.00000000
15107008 107.143518518519 0.0629141718940105 0.00016930460433812 1.00000000
15107009 107.166111111111 0.062367786064474 0.000175544431913162 1.00000000
15107010 107.187696759259 0.061862727465373 0.000183663998240018 1.00000000
15107011 107.210081018519 0.0630570577123879 0.00018205070950267 1.00000000
15107012 107.231666666667 0.0555934596035646 0.000189327816484443 1.00000000
15107013 107.266215277778 0.0586878476197482 0.000209751399831496 1.00000000
15107014 107.289212962963 0.0566959942239067 0.000179895771001734 1.00000000
15107015 107.310706018519 0.0569388847185567 0.000349696176238793 1.00000000
15107082 107.844108796296 0.0376675013664353 0.000132680903955916 1.00000000
15107083 107.865821759259 0.0311354560015524 0.000409641466159024 1.00000000
15107084 107.870543981481 0.0355688717733098 0.000133401042070192 1.00000000
15107085 107.892118055556 0.0357605629519043 0.000130749203196789 1.00000000
15107086 107.915821759259 0.0336961181200112 0.000123016919607528 1.00000000
15107087 107.9378125 0.0524103242323679 0.000151158694217214 1.00000000
15107088 107.961886574074 0.0500055968958639 0.000355910348348829 1.00000000
15107089 107.966516203704 0.0573508423184974 0.000167818734131375 1.00000000
15107090 107.987951388889 0.0529733923139881 0.000162511359052965 1.00000000
15108001 108.009733796296 0.0552317875308344 0.000158777614629848 1.00000000
15108011 108.270659722222 0.0359852937977998 0.000126997208644931 1.00000000
15108012 108.292291666667 0.0325669115988821 0.000122785191512655 1.00000000
15108013 108.313703703704 0.0356116828269622 0.000127975929382605 1.00000000
15108014 108.334780092593 0.036533522248919 0.000129284231064687 1.00000000
15108015 108.361944444444 0.0354810800020494 0.000130513025819792 1.00000000
15108016 108.383321759259 0.0531990875640837 0.000153511244573427 1.00000000
15108017 108.408159722222 0.0491334813872867 0.00028210352211054 1.00000000
15108020 108.425659722222 0.0526866253190965 0.000514861327541209 1.00000000
15108022 108.436759259259 0.0492835826986527 0.000153373005996471 1.00000000
15108023 108.459108796296 0.0585374356987605 0.000165514070684512 1.00000000
15108024 108.482928240741 0.0559844934821185 0.000172627728063719 1.00000000
15108025 108.504201388889 0.0540745946884287 0.000209424736363673 1.00000000
15108027 108.519166666667 0.0569881883300122 0.000178875461779197 1.00000000
15108028 108.540219907407 0.056908893664614 0.000340331545305333 1.00000000
15109006 109.085069444444 0.0569714949311511 0.000164726458640066 1.00000000
15109007 109.106574074074 0.0520001951469251 0.000155874738708432 1.00000000
15109008 109.128206018519 0.059280547417163 0.000167984254480891 1.00000000
15109009 109.150844907407 0.0539342932857854 0.000156652069998818 1.00000000
15109010 109.174884259259 0.0548314603975797 0.000168443958289748 1.00000000
15109011 109.196122685185 0.0536354805864227 0.000167495971583901 1.00000000
15109012 109.217708333333 0.0581168076157019 0.000179252078839037 1.00000000
15109013 109.239189814815 0.0582017300820512 0.000200095733308095 1.00000000
15109038 109.656493055556 0.0557193198732845 0.000203197381380264 1.00000000
15109039 109.675324074074 0.0567722289277535 0.000195245829174714 1.00000000
15109040 109.694479166667 0.0508292962799072 0.00164393153675734 1.00000000
15109041 109.695532407407 0.0572272771240619 0.000180591117446385 1.00000000
15109042 109.71474537037 0.0572346064897461 0.000677405581040432 1.00000000
15109043 109.718078703704 0.0581499991081359 0.000228580173076799 1.00000000
15109045 109.732696759259 0.0580980207857276 0.0003945748613619 1.00000000
15109046 109.737696759259 0.0586634214386156 0.000203413793181042 1.00000000
15110008 110.093101851852 0.0534191158145846 0.000162632663427517 1.00000000
15110009 110.114861111111 0.0516658821475956 0.000156035989777227 1.00000000
15110010 110.136458333333 0.0534121879937767 0.000161497157406911 1.00000000
15110011 110.15849537037 0.0505369672693497 0.000157236962453927 1.00000000
15110012 110.180104166667 0.0567280289434499 0.000164875637787845 1.00000000
15110013 110.203298611111 0.0511018710821083 0.000250073405677881 1.00000000
15110031 110.57162037037 0.0553484090833946 0.000179518220662811 1.00000000
15110032 110.612094907407 0.0597174645938188 0.00358850556350514 1.00000000
15110033 110.614953703704 0.0507580244542174 0.000158775199010216 1.00000000
15110034 110.636157407407 0.0569989032437093 0.000215666343503592 1.00000000
15110035 110.651319444444 0.0554194691251079 0.000254199961172793 1.00000000
15112005 112.082650462963 0.0543350005323061 0.000160227074075348 1.00000000
15112006 112.104131944444 0.055046528769649 0.000163971551584693 1.00000000
15112007 112.125740740741 0.0575812027854885 0.000406128502445088 1.00000000
15112028 112.494583333333 0.0519721694583869 0.000157753319918224 1.00000000
15112029 112.516365740741 0.0584548086704919 0.00017618391461818 1.00000000
15112030 112.537766203704 0.0553455679797381 0.000194421076628665 1.00000000
15112031 112.558298611111 0.0580749514955149 0.000191289728130277 1.00000000
15113001 113.004976851852 0.0570566712481226 0.000205876918705357 1.00000000
15114053 114.888900462963 0.0559038311337088 0.000163531927016918 1.00000000
15114054 114.910590277778 0.061405363412645 0.000177405241722681 1.00000000
15114055 114.932523148148 0.0590959581477744 0.000172305294502794 1.00000000
15114056 114.955416666667 0.0609120003769417 0.00028858991322663 1.00000000
15114057 114.966979166667 0.0636638701633331 0.000207635538159766 1.00000000
15114058 114.983761574074 0.0611596003981753 0.000330708460987422 1.00000000
15115085 115.925543981481 0.055025812923278 0.00016000498741371 1.00000000
15115086 115.9471875 0.060098858965432 0.000170198651975514 1.00000000
15115087 115.969027777778 0.058944724726243 0.000224909840064032 1.00000000
15115088 115.982199074074 0.0554464316926767 0.000442990528998981 1.00000000
15116039 116.515509259259 0.0609273108640644 0.000170120450688178 1.00000000
15116040 116.537002314815 0.0589530235726154 0.000172965342034938 1.00000000
15116041 116.558645833333 0.0549306584621656 0.000164887507386684 1.00000000
15116042 116.58025462963 0.0536364308602465 0.000195881507376145 1.00000000
15117003 117.037488425926 0.0554595303454433 0.000177140107708649 1.00000000
15117004 117.055520833333 0.0578764269945302 0.000183140263549044 1.00000000
15117005 117.074398148148 0.0511795205636252 0.000225855268083483 1.00000000
15117066 117.780891203704 0.0483919227847596 0.000142572598254247 1.00000000
15117067 117.80369212963 0.0518638462439315 0.000151085680979508 1.00000000
15117068 117.826354166667 0.0545274535396047 0.000156930753972109 1.00000000
15117069 117.848703703704 0.0517524093059115 0.000150456385898423 1.00000000
15117070 117.872824074074 0.0521590045172446 0.000159866029475486 1.00000000
15118019 118.337523148148 0.0512072308924779 0.000153134723893232 1.00000000
15118020 118.359166666667 0.0477082486877388 0.000148601289558821 1.00000000
15118021 118.38068287037 0.0533573553009603 0.000161331133082186 1.00000000
15118022 118.402268518519 0.0558253963220296 0.000166689547279648 1.00000000
15118023 118.423831018519 0.0567481531866509 0.000174694394054323 1.00000000
15118024 118.445405092593 0.0541533705182071 0.00024877847010685 1.00000000
15119010 119.047106481481 0.0531330172200866 0.000227347577450084 1.00000000
15119011 119.059768518519 0.0532165110496807 0.000156778714494845 1.00000000
15119012 119.081840277778 0.0512586408928451 0.000155320660784408 1.00000000
15119013 119.103564814815 0.0512902722675966 0.000156692170466381 1.00000000
15119014 119.12568287037 0.0562383898933604 0.000173142826781511 1.00000000
15119015 119.146990740741 0.0533283954831472 0.000259720176368466 1.00000000
15119035 119.565706018519 0.0539594111147621 0.000150655875155717 1.00000000
15119036 119.589525462963 0.0517960902180616 0.000169355824289647 1.00000000
15119065 119.989328703704 0.0562179598195739 0.00015886490711728 1.00000000
15120001 120.011469907407 0.0541145891912975 0.000159462485931901 1.00000000
15120002 120.032939814815 0.054684050989649 0.000162099409539019 1.00000000
15120004 120.0575 0.0528239298024859 0.000154141985482035 1.00000000
15120005 120.081956018519 0.0564554635942785 0.00016306757086594 1.00000000
15120006 120.106111111111 0.049109377223532 0.000163169587592888 1.00000000
15120007 120.127453703704 0.0543149255152548 0.000170822244345365 1.00000000
15120008 120.149108796296 0.057562986538439 0.000179874741054411 1.00000000
15120009 120.170659722222 0.0548084984481389 0.000177482683402628 1.00000000
15120011 120.227164351852 0.0569357745008257 0.000264224246620616 1.00000000
15121006 121.100115740741 0.0599245458014825 0.000169986005584299 1.00000000
15121007 121.121736111111 0.0632120387046445 0.000179113578567927 1.00000000
15121008 121.14318287037 0.062633077978615 0.000171572704397296 1.00000000
15121009 121.1678125 0.0627865236263054 0.000180261213793331 1.00000000
15121010 121.189606481481 0.0667933317174002 0.000284798164814043 1.00000000
15121012 121.205092592593 0.0615408849042606 0.000183095682522767 1.00000000
15121013 121.226643518519 0.0622272177226667 0.000181400999006109 1.00000000
15121015 121.251041666667 0.0649010175369658 0.000215700589992441 1.00000000
15121016 121.268657407407 0.0644242091153657 0.000194022076221131 1.00000000
15121017 121.290798611111 0.0664810025458719 0.000200837660453755 1.00000000
15121018 121.312986111111 0.064209863049418 0.000177916475528 1.00000000
15121062 121.771689814815 0.000288556814332529 0.000407029978184148 1.00000000
15121077 121.978865740741 0.0679865010363806 0.000180687900952268 1.00000000
15121078 122.000497685185 0.0636882062356403 0.000170353798416259 1.00000000
15122003 122.028043981481 0.0647909847947611 0.000181905749991604 1.00000000
15122004 122.050034722222 0.0662810642731423 0.000189764120178015 1.00000000
15122006 122.07337962963 0.0647902232370433 0.000185077708311506 1.00000000
15122008 122.099733796296 0.0623677067005011 0.000185995373228587 1.00000000
15122010 122.123148148148 0.0649484837236593 0.000196971793192755 1.00000000
15122011 122.145208333333 0.073386368290112 0.000271283222263365 1.00000000
15122042 122.565416666667 0.061695084584064 0.000140382739713482 1.00000000
15122043 122.597638888889 0.062465199274933 0.000522125504841903 1.00000000
15122044 122.605231481481 0.0612788461958979 0.000163400929578391 1.00000000
15122045 122.630729166667 0.0589403502127635 0.00152552501955525 1.00000000
15122049 122.689201388889 0.0601540248002548 0.000344589338515553 1.00000000
15123009 123.139988425926 0.0614374922949961 0.000164805184018482 1.00000000
15123010 123.165810185185 0.0654215451773556 0.000173563909732093 1.00000000
15123011 123.189525462963 0.0642764721849883 0.000240967477876616 1.00000000
15123027 123.580763888889 0.0630201499758413 0.000164717329653924 1.00000000
15123028 123.609965277778 0.0621530111949594 0.000208624247671606 1.00000000
15123035 123.659143518519 0.0614846265618995 0.00018462846219058 1.00000000
15123036 123.68099537037 0.0637281822004499 0.000177978001615233 1.00000000
15123037 123.705740740741 0.064892735089214 0.000203302091182061 1.00000000
15124005 124.097905092593 0.0621927236221792 0.000249218352293963 1.00000000
15124006 124.116215277778 0.0606985530794788 0.000172843358969194 1.00000000
15124007 124.137731481481 0.0679869511408556 0.00019560151377704 1.00000000
15124008 124.157627314815 0.0656807028082793 0.000177779164501966 1.00000000
15124009 124.181898148148 0.0713841280401316 0.000656989096793742 1.00000000
15124010 124.187256944444 0.0632381165271365 0.000373912281185592 1.00000000
15124040 124.544895833333 0.0644109905216109 0.000182085898495818 1.00000000
15124041 124.566076388889 0.0653417405789942 0.000156667915341499 1.00000000
15124042 124.595694444444 0.0638031691865882 0.000155244036353208 1.00000000
15124043 124.626064814815 0.0664439961962335 0.000191845817554975 1.00000000
15124044 124.648414351852 0.0625930295382977 0.000451969288449217 1.00000000
15124063 124.997962962963 0.0655377577764141 0.000197697357417298 1.00000000
15125001 125.019675925926 0.064312377704698 0.000178948575838705 1.00000000
15125002 125.041099537037 0.0675966097196626 0.000189959993308789 1.00000000
15125003 125.062048611111 0.0648523319403871 0.00318305544803828 1.00000000
15125004 125.069641203704 0.06390046178065 0.000434881302577688 1.00000000
15125007 125.087025462963 0.0692821681289522 0.000229082833804257 1.00000000
15126017 126.3115625 0.059414364783944 0.000170215210765873 1.00000000
15126018 126.333136574074 0.0580806903388197 0.000185586369605506 1.00000000
15126019 126.355706018519 0.0573269979415003 0.000324828315387296 1.00000000
15126020 126.361759259259 0.0574383651820333 0.000997133892138531 1.00000000
15126021 126.36474537037 0.0540583753293345 0.000305747411267253 1.00000000
15126022 126.371064814815 0.058647367687713 0.000199558264116249 1.00000000
15126023 126.390358796296 0.0613038482811907 0.000186454028921494 1.00000000
15126051 126.826284722222 0.0530964536060817 0.000149422629882731 1.00000000
15126052 126.849733796296 0.0545955283532467 0.000146691233118405 1.00000000
15126053 126.875520833333 0.0553854292323264 0.000187212869361952 1.00000000
15126054 126.892465277778 0.0557305969957734 0.000292960099459973 1.00000000
15127013 127.253414351852 0.0555357921108863 0.000174314667555586 1.00000000
15128029 128.504675925926 0.054755715262757 0.000134743324195096 1.00000000
15128030 128.537199074074 0.0537004173755527 0.000292423972754321 1.00000000
15128031 128.544895833333 0.0528329416278571 0.000246665339936113 1.00000000
15128032 128.557511574074 0.0578514087565759 0.000142304604811725 1.00000000
15128033 128.590069444444 0.0515369434833906 0.000194553688782379 1.00000000
15129009 129.197673611111 0.051065513597226 0.000155452513545488 1.00000000
15129010 129.219351851852 0.0539986413509891 0.000159861695375271 1.00000000
15129011 129.242662037037 0.0529523926056767 0.00017601071213424 1.00000000
15129012 129.26462962963 0.0525689866396771 0.000140280772736991 1.00000000
15129013 129.296539351852 0.0536304927212228 0.00013698651670863 1.00000000
15129014 129.328634259259 0.0518225186260882 0.000260373077446241 1.00000000
15129015 129.338368055556 0.0487637862947013 0.00014138826475768 1.00000000
15129016 129.367418981482 0.0546520273260756 0.000149381963233827 1.00000000
15129017 129.398078703704 0.056834244865171 0.000227759037142562 1.00000000
15129018 129.412430555556 0.0499397211054395 0.000158530178947272 1.00000000
15129022 129.439722222222 0.0573942210717063 0.000297731840136453 1.00000000
15130007 130.118414351852 0.0571701402952617 0.000162416727078424 1.00000000
15130008 130.139861111111 0.0580262102871176 0.000165295510717988 1.00000000
15130009 130.161631944444 0.0555650007852421 0.000165357053982889 1.00000000
15130011 130.184050925926 0.0560301516807055 0.000205367031639093 1.00000000
15130045 130.819814814815 0.0552722067388808 0.000135286986209684 1.00000000
15130046 130.849074074074 0.0591936502328602 0.00014491393744277 1.00000000
15130047 130.878287037037 0.0536928990058292 0.000130739794904851 1.00000000
15130048 130.912280092593 0.061447449852289 0.000329864057454333 1.00000000
15131012 131.247372685185 0.0546562081452151 0.000169214436708634 1.00000000
15131013 131.268831018519 0.0570477859344162 0.00014531284197442 1.00000000
15131014 131.301076388889 0.0575627322570174 0.000248433385230668 1.00000000
15131050 131.8778125 0.0418918570863328 0.000121727871575168 1.00000000
15131051 131.906296296296 0.0451713498401384 0.000145347266040281 1.00000000
15131052 131.928969907407 0.0463242859463784 0.000139569669637417 1.00000000
15131053 131.957615740741 0.0525059604642706 0.000342559303563467 1.00000000
15132019 132.35619212963 0.0403681810065008 0.000113354729229869 1.00000000
15132035 132.865474537037 0.0543883325214519 0.000138211991460173 1.00000000
15132036 132.893958333333 0.0553250270121406 0.000150424289261644 1.00000000
15132037 132.919039351852 0.0544148541525304 0.000138068974860964 1.00000000
15132038 132.949189814815 0.0512626696734817 0.000225855512572997 1.00000000
15133018 133.353194444444 0.0506153737578013 0.000151804284459205 1.00000000
15133019 133.374456018519 0.0502147065493316 0.000150476950680111 1.00000000
15133020 133.396724537037 0.0485890422274907 0.000194148420663483 1.00000000
15133021 133.410115740741 0.0499953293431041 0.00012950459247636 1.00000000
15134008 134.186631944444 0.049868104820409 0.000154421916094737 1.00000000
15134009 134.207349537037 0.0551535225455423 0.000159211723319371 1.00000000
15134010 134.229074074074 0.0485599922995471 0.000218348104020922 1.00000000
15136013 136.267118055556 0.0539936775891432 0.00015641715232217 1.00000000
15136014 136.289282407407 0.0561519593087708 0.000173826384429613 1.00000000
15136015 136.308773148148 0.0576994130237003 0.000168859190880647 1.00000000
15136016 136.330636574074 0.0602397576390897 0.000160178657333589 1.00000000
15136017 136.356423611111 0.0564725842509524 0.000199811295735075 1.00000000
15137038 137.724456018519 0.0575469053029779 0.00016415006495474 1.00000000
15137039 137.746111111111 0.0628381141098792 0.000240300054449342 1.00000000
15138072 138.908275462963 0.0612752923450479 0.000175527733466511 1.00000000
15138074 138.958009259259 0.0681439717075572 0.000250544335835803 1.00000000
15138075 138.970185185185 0.0669220401205847 0.000157950897360429 1.00000000
15139023 139.560196759259 0.0631192319980674 0.000172465921000793 1.00000000
15139024 139.583252314815 0.0593174678207113 0.000149112747590076 1.00000000
15139025 139.611944444444 0.0566955684921064 0.000139587770392788 1.00000000
15139026 139.643171296296 0.0647160653662605 0.000150621096957339 1.00000000
15140004 140.05443287037 0.0641181022955172 0.000172615710942894 1.00000000
15140005 140.077199074074 0.064485770855551 0.00017274632887137 1.00000000
15140006 140.100196759259 0.066687195463726 0.000181824182854974 1.00000000
15140007 140.122118055556 0.0630115520630798 0.000192506237373075 1.00000000
15140029 140.495335648148 0.0599038679044298 0.000167394664552931 1.00000000
15140030 140.517337962963 0.0638102820557106 0.000150270704468203 1.00000000
15140031 140.547430555556 0.0644865815398705 0.000180724649575872 1.00000000
15140032 140.569236111111 0.0622928718348049 0.000180416705722351 1.00000000
15140034 140.606539351852 0.0654763125015003 0.000189385588420803 1.00000000
15140035 140.629398148148 0.0623049369456768 0.000291385090871471 1.00000000
15140036 140.640289351852 0.0667343074615734 0.00022281399038985 1.00000000
15140037 140.657175925926 0.0663833039635347 0.000181931296743137 1.00000000
15141004 141.074803240741 0.0623113656740892 0.000198748900739051 1.00000000
15141006 141.098819444444 0.060799005360864 0.000193532608807369 1.00000000
15141007 141.120648148148 0.0591697867142182 0.00021427638160515 1.00000000
15141009 141.144756944444 0.0614742056267007 0.000177640293840158 1.00000000
15141010 141.166666666667 0.0621777866855206 0.000182410006884046 1.00000000
15141011 141.188460648148 0.0643939476764219 0.000204198871986295 1.00000000
15141012 141.2525 0.0653333143441024 0.000460304160238796 1.00000000
15141013 141.257534722222 0.0655052480931817 0.000239464877151285 1.00000000
15142021 142.325868055556 0.0649379066973926 0.000177768395666735 1.00000000
15142022 142.347858796296 0.0581691240157223 0.000206912969536743 1.00000000
15142025 142.366539351852 0.0599678827544247 0.000435478336639839 1.00000000
15143037 143.644398148148 0.0591751461576209 0.000167994272812873 1.00000000
15143038 143.666550925926 0.061138199558425 0.000216566332550003 1.00000000
15143039 143.6821875 0.0652410669748102 0.000184743970592816 1.00000000
15143040 143.707013888889 0.0656331719674402 0.000160926635128972 1.00000000
15143041 143.738912037037 0.0646885104230238 0.000165463417407324 1.00000000
15144013 144.236423611111 0.0586008278097458 0.000165388054544087 1.00000000
15144014 144.258263888889 0.0655644108395903 0.000180152609373818 1.00000000
15144015 144.280162037037 0.0621828661043558 0.000175297254812772 1.00000000
15144017 144.303321759259 0.064665024953151 0.000223925199353695 1.00000000
15144018 144.318368055556 0.0637981254834976 0.000315518233707566 1.00000000
15144054 144.694386574074 0.0616125761317885 0.000144604746972377 1.00000000
15144055 144.724583333333 0.0616854011916499 0.000160374384120403 1.00000000
15144056 144.750891203704 0.0605865966208107 0.00025707468868461 1.00000000
15144058 144.762361111111 0.0654300940292592 0.00019557757387343 1.00000000
15144060 144.782314814815 0.061157597125634 0.000228175041948584 1.00000000
15145022 145.378310185185 0.0602036223930533 0.000168479688621507 1.00000000
15145023 145.40068287037 0.0545776281472418 0.000161353892598314 1.00000000
15145024 145.422858796296 0.0595146663833219 0.000170908872148829 1.00000000
15146020 146.217199074074 0.0570194756408455 0.000165205643966192 1.00000000
15146023 146.244560185185 0.0613621665193927 0.00017672436715707 1.00000000
15146025 146.269085648148 0.0627586578564075 0.000167462985417947 1.00000000
15146026 146.295555555556 0.058013915920271 0.000509207628974974 1.00000000
15146059 146.749756944444 0.0592170032350798 0.000138076950832949 1.00000000
15146060 146.78056712963 0.0590248826389557 0.000134672789987304 1.00000000
15146061 146.813865740741 0.0570688886940652 0.000159328307509828 1.00000000
15146062 146.83818287037 0.0623853284668727 0.000948357501497752 1.00000000
15147009 147.209363425926 0.0585231582829435 0.0001598863058512 1.00000000
15147010 147.233333333333 0.0622430442361095 0.000183854893814513 1.00000000
15147011 147.252858796296 0.0644487601689614 0.000176035184259405 1.00000000
15147012 147.275532407407 0.0680275017029829 0.000181284899052409 1.00000000
15147013 147.2984375 0.0640183723757929 0.000173532883958465 1.00000000
15147014 147.322905092593 0.0615546419088397 0.000221260939113584 1.00000000
15147015 147.338981481481 0.0601781297487408 0.00016004783976156 1.00000000
15150059 150.607060185185 0.0599553304597546 0.00016872196613699 1.00000000
15150060 150.629189814815 0.0603137219840547 0.000175003624687616 1.00000000
15150061 150.651805555556 0.0570154225249429 0.000170866547318711 1.00000000
15150063 150.683171296296 0.0630102126167793 0.000346567486741561 1.00000000
15150064 150.690648148148 0.0645781592276673 0.000241797713461502 1.00000000
15151019 151.304328703704 0.0595469661781394 0.000164003707143227 1.00000000
15151020 151.327708333333 0.0589690757167515 0.000167523874335954 1.00000000
15151021 151.35025462963 0.0548646681360792 0.00023226673097651 1.00000000
15151022 151.362025462963 0.059941121715747 0.000218999474332012 1.00000000
15151023 151.376493055556 0.0579471103614165 0.000166737314176938 1.00000000
15151024 151.400104166667 0.0582097642380427 0.000258107861032328 1.00000000
15151050 151.787233796296 0.0563703126953046 0.000407446721421478 1.00000000
15151051 151.791261574074 0.0557312514235135 0.000430214767831675 1.00000000
15151052 151.795960648148 0.062413973337603 0.000174514371060656 1.00000000
15151053 151.817569444444 0.066347147389438 0.000185034331166316 1.00000000
15151054 151.839131944444 0.058530274133915 0.00017518302921729 1.00000000
15151055 151.860625 0.0627870525900059 0.000197704206081344 1.00000000
15151056 151.881168981481 0.0549562212580973 0.00016719589460064 1.00000000
15152015 152.301689814815 0.0577434603215953 0.000168194623772616 1.00000000
15152016 152.322974537037 0.0611371047744133 0.000174544694306515 1.00000000
15152017 152.344502314815 0.0617613359406913 0.000178194258732788 1.00000000
15152018 152.366134259259 0.0585463350333295 0.00020896636020378 1.00000000
15152020 152.384826388889 0.0561310637858666 0.000211209963132298 1.00000000
15152050 152.799236111111 0.0575439805984306 0.000163994692469765 1.00000000
15152051 152.821145833333 0.0554216515051223 0.000258320885884853 1.00000000
15152052 152.830381944444 0.0549120082115843 0.000160370191915237 1.00000000
15152053 152.852847222222 0.0606140083498997 0.000179994008766229 1.00000000
15152054 152.873391203704 0.0587970520790606 0.000152697531971111 1.00000000
15153014 153.268483796296 0.0575249323577789 0.000164329965265577 1.00000000
15153015 153.29025462963 0.0559100603798046 0.000159049251588924 1.00000000
15153017 153.315185185185 0.0550342751457871 0.000165201564276217 1.00000000
15153018 153.336712962963 0.0540789849007174 0.000162988621485777 1.00000000
15153019 153.359074074074 0.05684861814809 0.000195453877574105 1.00000000
15153022 153.379699074074 0.05803022096766 0.000261738851173302 1.00000000
15153052 153.853912037037 0.0527821322851285 0.000160390559423033 1.00000000
15153053 153.875821759259 0.0577110995020648 0.000166839323084848 1.00000000
15153054 153.897581018519 0.0561451849756071 0.00016796536194177 1.00000000
15153055 153.919444444444 0.0537117155897443 0.000168685631818184 1.00000000
15153056 153.940613425926 0.061520507717085 0.000180935936282307 1.00000000
15153057 153.962662037037 0.0582755271438059 0.000177342214841352 1.00000000
15153058 153.984849537037 0.0602239138009382 0.000149191816533806 1.00000000
15154001 154.018263888889 0.0594284450588791 0.000171905932631617 1.00000000
15154002 154.044293981481 0.0579265878199822 0.000217968075141099 1.00000000
15154003 154.061030092593 0.0625553532482185 0.000232591599213569 1.00000000
15154021 154.494074074074 0.0579368427727698 0.000184670258913007 1.00000000
15154022 154.513113425926 0.0609310250377286 0.000174895914351991 1.00000000
15154023 154.535509259259 0.0613421504472367 0.00018793841835536 1.00000000
15154024 154.555752314815 0.0626582919589512 0.000235812884800504 1.00000000
15156019 156.333530092593 0.0556585029081195 0.000163506140825176 1.00000000
15156020 156.355671296296 0.0581467831519145 0.000170994511404268 1.00000000
15156021 156.377256944444 0.0559084566952672 0.00017176071876697 1.00000000
15156022 156.398935185185 0.0599363174647259 0.000182370750650293 1.00000000
15156023 156.420324074074 0.0590093807014506 0.000248556495435498 1.00000000
15156024 156.434398148148 0.0579229741535459 0.000255873398578413 1.00000000
15157022 157.432280092593 0.0581447374244054 0.000330386105197604 1.00000000
15157023 157.437928240741 0.060985080063997 0.000161557623938543 1.00000000
15157024 157.460914351852 0.0593828563829349 0.000162496421211511 1.00000000
15157025 157.483078703704 0.0568027860017781 0.000162851648281624 1.00000000
15157028 157.510034722222 0.0598473514365192 0.000167697053716039 1.00000000
15157029 157.531678240741 0.0617422071809856 0.000200455564859267 1.00000000
15157059 157.946574074074 0.0554760428822608 0.000161463934047897 1.00000000
15157060 157.967743055556 0.0571825259246009 0.000136777140850748 1.00000000
15157061 157.999212962963 0.0620080768104861 0.000145760177167026 1.00000000
15158001 158.030844907407 0.0637105111480935 0.000258140784864676 1.00000000
15158039 158.519699074074 0.0577878942442092 0.000159975055817237 1.00000000
15158040 158.542592592593 0.0560381646368498 0.000168250154739328 1.00000000
15159005 159.105775462963 0.0584936184401252 0.000167620720922502 1.00000000
15159006 159.127037037037 0.0583366066767268 0.000167637609478025 1.00000000
15159007 159.148287037037 0.0585648795000943 0.00016953850601868 1.00000000
15159008 159.169965277778 0.0609357929300385 0.000156631785800676 1.00000000
15159009 159.19724537037 0.0576238565297841 0.000131910912531977 1.00000000
15159031 159.594363425926 0.0610758262785496 0.000171961394633891 1.00000000
15159032 159.615798611111 0.0577581593314952 0.000162935126479404 1.00000000
15159033 159.638738425926 0.0582790670116763 0.000171727843076297 1.00000000
15159034 159.660381944444 0.056802654371736 0.000164880971617766 1.00000000
15159035 159.68380787037 0.0564841294617022 0.000172533726655282 1.00000000
15159036 159.706296296296 0.0618066422376898 0.000181610758176116 1.00000000
15160004 160.116111111111 0.0629149231992008 0.000141657158244119 1.00000000
15160005 160.148125 0.0595343780956973 0.000217365511678289 1.00000000
15160006 160.163587962963 0.0636473370622263 0.000175549759249631 1.00000000
15160007 160.186666666667 0.0639586509116683 0.00016522001517138 1.00000000
15160042 160.798009259259 0.0605928480881099 0.000170033148374694 1.00000000
15160043 160.820868055556 0.058267898707026 0.000175969431210749 1.00000000
15160044 160.84212962963 0.0538281815921925 0.000166083636126869 1.00000000
15160045 160.863831018519 0.0574239936395387 0.000172867466234371 1.00000000
15160046 160.885960648148 0.0555358477032383 0.000180448078724651 1.00000000
15160047 160.907835648148 0.0601316915547238 0.000182579567481928 1.00000000
15160048 160.930451388889 0.0573158632256264 0.000251791006104141 1.00000000
15161016 161.326701388889 0.0563859584242214 0.000167553898321045 1.00000000
15161017 161.34880787037 0.059267079041653 0.000360693770825785 1.00000000
15161018 161.355069444444 0.0624664598267861 0.000178892402336615 1.00000000
15161019 161.377094907407 0.0592949687958344 0.000172583247492425 1.00000000
15161020 161.399537037037 0.0568005507620295 0.000284724548629191 1.00000000
15161021 161.408449074074 0.0593788416957222 0.000172126108174634 1.00000000
15161022 161.431481481481 0.0619553861518277 0.000444371336769101 1.00000000
15161068 161.909930555556 0.0624684252717968 0.000191315183794169 1.00000000
15161069 161.930358796296 0.0634265015126764 0.000200098460552686 1.00000000
15161070 161.95224537037 0.0626665735982839 0.000179712472978862 1.00000000
15161071 161.973738425926 0.0622129632329843 0.000174650759490591 1.00000000
15161072 161.996319444444 0.0618389283813922 0.000184562489457443 1.00000000
15162001 162.017974537037 0.0653530255571586 0.000232332578358152 1.00000000
15162027 162.569976851852 0.0537516005778591 0.000158467554732335 1.00000000
15162028 162.592060185185 0.0588663977406116 0.000179720222373053 1.00000000
15162029 162.612662037037 0.0552901964048486 0.000167410493515267 1.00000000
15162030 162.634201388889 0.0578540316397384 0.000177912398303507 1.00000000
15162031 162.654861111111 0.0564567448278524 0.000376849517392361 1.00000000
15162032 162.660196759259 0.0568039964680829 0.000175373643531451 1.00000000
15163006 163.097002314815 0.0553298956734737 0.000169471363840689 1.00000000
15163007 163.11869212963 0.0552448654233373 0.000167448856966203 1.00000000
15163008 163.140289351852 0.0589597136464409 0.000175855116266348 1.00000000
15163009 163.16193287037 0.0578876971163821 0.000171486072777134 1.00000000
15163010 163.183796296296 0.0560799745570863 0.00016757766715199 1.00000000
15164002 164.029085648148 0.0534536300979703 0.000150260274006015 1.00000000
15164003 164.050891203704 0.0533990717115886 0.000157527384680134 1.00000000
15164004 164.071539351852 0.0564002976276861 0.000153558126562135 1.00000000
15164005 164.094328703704 0.054168561831249 0.000144406802104034 1.00000000
15164006 164.11775462963 0.0559458146061191 0.000160450341680191 1.00000000
15164007 164.139606481481 0.0524946643165433 0.000157534897140162 1.00000000
15164008 164.161469907407 0.0510155415012608 0.000148798151227294 1.00000000
15164009 164.184664351852 0.0529723713519941 0.000159923653949718 1.00000000
15164049 164.702291666667 0.0538285850035324 0.00015010341998674 1.00000000
15165040 165.665277777778 0.0569290931112692 0.000148222925890739 1.00000000
15165041 165.686539351852 0.0584680536443611 0.000156177284834785 1.00000000
15165042 165.708020833333 0.0531378565486138 0.000145969629362273 1.00000000
15165043 165.729722222222 0.0560501255173273 0.000146644993426559 1.00000000
15165044 165.753854166667 0.0628191824326631 0.000222872755940512 1.00000000
15165045 165.767199074074 0.0562571191977584 0.000352412106476795 1.00000000
15165046 165.772314814815 0.0559139248751534 0.000165713904129987 1.00000000
15165047 165.79369212963 0.0589826966592301 0.000281511017644176 1.00000000
15166010 166.152233796296 0.0553787295395457 0.00014036900191594 1.00000000
15166011 166.173831018519 0.0578588408325727 0.000176233569315361 1.00000000
15166014 166.206631944444 0.0576541501444752 0.000149976006988771 1.00000000
15166015 166.228587962963 0.0565535665627125 0.000145307165526407 1.00000000
15166016 166.2525 0.0527850578106721 0.000149899085912758 1.00000000
15166017 166.273726851852 0.0564573742586264 0.000163795009089828 1.00000000
15166040 166.670034722222 0.056269897618196 0.000147366593044226 1.00000000
15166041 166.692384259259 0.0524456881109132 0.000141328404835773 1.00000000
15166042 166.714907407407 0.0533590513788281 0.000197659830195775 1.00000000
15166043 166.728090277778 0.0584320107833816 0.000155925082331907 1.00000000
15166044 166.75005787037 0.0561710777807212 0.000155410072313433 1.00000000
15166045 166.771296296296 0.0532642311452594 0.000504791928599893 1.00000000
15166046 166.773900462963 0.0570798743503456 0.000369914306110769 1.00000000
15166047 166.778564814815 0.0525136614888823 0.000195357680312909 1.00000000
