15108078 108.956180555556 0.036598692062217 0.00016146715717775 1.00000000
15108079 108.972280092593 0.039444765942111 0.00027629275960069 1.00000000
15108080 108.979050925926 0.0384966375863564 0.000133138630365477 1.00000000
15109001 109.000648148148 0.0362715904655736 0.000129190021168295 1.00000000
15109002 109.022199074074 0.0379908263589639 0.000148821082451556 1.00000000
15109031 109.561689814815 0.0358110501359527 0.000126227262020852 1.00000000
15109032 109.583194444444 0.0367651628053213 0.00013360247458123 1.00000000
15109033 109.604513888889 0.0386595664784992 0.000294975952019354 1.00000000
15109034 109.611655092593 0.033072757124565 0.000184619241061286 1.00000000
15109035 109.621435185185 0.0367237555915038 0.000149892362615493 1.00000000
15109036 109.641655092593 0.0372604409473771 0.000328107387605305 1.00000000
15109037 109.646863425926 0.036604346930999 0.00021042589522854 1.00000000
15109061 109.958645833333 0.0368202143884065 0.000232410417596439 1.00000000
15109062 109.968564814815 0.0450735693900027 0.000243033299629158 1.00000000
15109063 109.982152777778 0.0398439525083156 0.00029448489156931 1.00000000
15109065 109.992881944444 0.0379682299179043 0.000296053258493224 1.00000000
15110001 110.000706018519 0.0367842371590815 0.000225570645418997 1.00000000
15110002 110.011331018519 0.0377845521608551 0.000232434408926111 1.00000000
15110003 110.023622685185 0.040455394792682 0.000142981198325834 1.00000000
15110004 110.044930555556 0.0390771967136506 0.000139046119267127 1.00000000
15110005 110.068645833333 0.0386930279930777 0.000147808367903252 1.00000000
15110026 110.475 0.0389811032377022 0.000222256393337907 1.00000000
15110027 110.485706018519 0.0318220416817724 0.000118863378242108 1.00000000
15110028 110.506886574074 0.0333806571621713 0.000123116568626589 1.00000000
15110029 110.528935185185 0.0333140029264929 0.000122891573322132 1.00000000
15110030 110.550405092593 0.0351664504578748 0.000129982119444884 1.00000000
15110050 110.900405092593 0.0326755787273641 0.000139097461443933 1.00000000
15110051 110.91818287037 0.035659865379777 0.000132480624114642 1.00000000
15110052 110.939583333333 0.0355647469618109 0.000123308614595379 1.00000000
15110053 110.962719907407 0.0354109323780675 0.000241927134807306 1.00000000
15111067 111.958634259259 0.0372203172730095 0.000129083385352669 1.00000000
15111068 111.980601851852 0.0346141255687831 0.000121081797724182 1.00000000
15112001 112.00318287037 0.036357900407474 0.00012768976303141 1.00000000
15112003 112.039444444444 0.0414690856709026 0.000139306954861165 1.00000000
15112004 112.060868055556 0.0357880685991144 0.000130018274558021 1.00000000
15112023 112.393877314815 0.0398980608562519 0.000177947660241096 1.00000000
15112024 112.408402777778 0.0352940985803942 0.000130489113720835 1.00000000
15112025 112.429965277778 0.0376719190770478 0.000137367208550032 1.00000000
15112026 112.450497685185 0.0371469112792195 0.000130911467559782 1.00000000
15112027 112.474270833333 0.0362017790001864 0.00014204524578279 1.00000000
15112046 112.867453703704 0.0415954579433002 0.000138063405041006 1.00000000
15112047 112.889363425926 0.037600564663782 0.000129495230671197 1.00000000
15112048 112.911435185185 0.0399673091365189 0.000168578304623294 1.00000000
15112049 112.929479166667 0.0396887846809895 0.000413719793125999 1.00000000
15112050 112.932638888889 0.0392724749908065 0.00013476233593644 1.00000000
15112051 112.954606481481 0.0391387588437258 0.000139016676814002 1.00000000
15112052 112.978043981481 0.0427548992518426 0.000188864028516365 1.00000000
15114046 114.76212962963 0.0376388711210418 0.000134745331074258 1.00000000
15114047 114.783668981481 0.0416054945192368 0.000143124047332464 1.00000000
15114048 114.805451388889 0.046489166420516 0.000153930257082506 1.00000000
15114050 114.832118055556 0.0464067847438634 0.000152874952128362 1.00000000
15114051 114.8540625 0.0381930139952645 0.000133811258153322 1.00000000
15114052 114.876666666667 0.0427326068449137 0.00019971670310559 1.00000000
15115079 115.805150462963 0.0373878230607375 0.000134622119308809 1.00000000
15115080 115.826759259259 0.0346914357803261 0.000125089915692235 1.00000000
15115081 115.848483796296 0.0378927046232593 0.000296023420176872 1.00000000
15115082 115.854826388889 0.0387657584771111 0.000119947683927002 1.00000000
15115083 115.881840277778 0.0399420077477704 0.000133523557024182 1.00000000
15115084 115.904363425926 0.0398635689028385 0.000138846867514774 1.00000000
15116032 116.396875 0.0375881428557392 0.000144060990745967 1.00000000
15116033 116.418518518519 0.0383040798383557 0.000146096649034169 1.00000000
15116034 116.439976851852 0.0229236042472888 0.000110246403870184 1.00000000
15116035 116.461435185185 0.0394256718932117 0.000275837198315515 1.00000000
15116036 116.468935185185 0.040594119359139 0.000150598198139086 1.00000000
15116037 116.490601851852 0.042056635244151 0.000152154531005412 1.00000000
15116059 116.896365740741 0.0390996854654223 0.000131824616935 1.00000000
15116060 116.918726851852 0.0396923950817228 0.000134612118035671 1.00000000
15116061 116.940833333333 0.0350261751677267 0.000125014088601633 1.00000000
15116062 116.962662037037 0.0363242297372473 0.000127839017249559 1.00000000
15116068 116.990358796296 0.0368328550013745 0.000158273178542706 1.00000000
15117058 117.60375 0.033886467896218 0.000119639762253956 1.00000000
15117059 117.626087962963 0.0340940042008247 0.000120405155353689 1.00000000
15117060 117.647708333333 0.0286933825126315 0.000107493526861184 1.00000000
15117061 117.669479166667 0.0332645527194104 0.000116417426829635 1.00000000
15117062 117.691099537037 0.0372833553193999 0.000128256598363955 1.00000000
15117063 117.712916666667 0.0348405521024748 0.000123829428833331 1.00000000
15117064 117.734953703704 0.0358493699166327 0.000124180376450874 1.00000000
15117065 117.756655092593 0.0407054102415819 0.00012731491466198 1.00000000
15118015 118.250671296296 0.0343642711397727 0.000123820107584496 1.00000000
15118016 118.271689814815 0.0354708842597485 0.000126497292965185 1.00000000
15118017 118.293148148148 0.0330512846499391 0.000121333625532877 1.00000000
15118018 118.314699074074 0.0299546525088395 0.000111384695700017 1.00000000
15118061 118.936388888889 0.0380746624735837 0.000860094473923023 1.00000000
15118062 118.938645833333 0.0406707415692949 0.000498843082602696 1.00000000
15118063 118.943645833333 0.0333344755997347 0.000436959652069242 1.00000000
15118064 118.945856481481 0.039165863024068 0.00017532045626332 1.00000000
15118065 118.959259259259 0.0380384506212967 0.000136156565686717 1.00000000
15118066 118.979791666667 0.035248462342482 0.000124190752830245 1.00000000
15119008 119.011238425926 0.0354322868873997 0.000125928717370738 1.00000000
15119009 119.032997685185 0.0385126335426162 0.000168101823181842 1.00000000
15119025 119.395127314815 0.0340428388716117 0.000117223184215505 1.00000000
15119026 119.420405092593 0.0358551741434226 0.000116257051168204 1.00000000
15119027 119.445543981481 0.0322343945745927 0.000107929332549821 1.00000000
15119028 119.471319444444 0.0358036383347957 0.000245104340223799 1.00000000
15119029 119.478148148148 0.0347318915414295 0.000123157461614922 1.00000000
15119031 119.501377314815 0.0345978710760608 0.000110835469246383 1.00000000
15119032 119.528159722222 0.0355078040500005 0.000160147423815241 1.00000000
15119034 119.543460648148 0.0375659761831636 0.000131603067522133 1.00000000
15119057 119.891990740741 0.0341973577596925 0.000120301563274858 1.00000000
15119058 119.913831018519 0.0350291345898253 0.000123541676857309 1.00000000
15119059 119.93525462963 0.032113146196839 0.000257144137506305 1.00000000
15119063 119.950486111111 0.0386171351445207 0.000127905640118441 1.00000000
15119064 119.974375 0.0322117971353589 0.000144284477919 1.00000000
15120117 120.994664351852 0.0434119288481562 0.000202594442039049 1.00000000
15121001 121.006597222222 0.0409430959016335 0.000140422682313968 1.00000000
15121002 121.028229166667 0.0440530730491341 0.00014426003626933 1.00000000
15121003 121.050023148148 0.0472833655830443 0.000151497284593063 1.00000000
15121004 121.071574074074 0.0417316901235519 0.000140323579869879 1.00000000
15121005 121.092893518519 0.0480671441443816 0.000288889174054411 1.00000000
15121063 121.773055555556 0.0360704930008892 0.000145758365002347 1.00000000
15121065 121.789108796296 0.0381202863924997 0.000131840941418426 1.00000000
15121066 121.809131944444 0.0456002494102152 0.000144102566334779 1.00000000
15121067 121.830902777778 0.0410102074090732 0.000154844622673396 1.00000000
15121068 121.848587962963 0.0396458331635823 0.00013198465782851 1.00000000
15121070 121.87162037037 0.0455202437522651 0.000143910553166858 1.00000000
15121071 121.893576388889 0.0463539751144169 0.000142652938545544 1.00000000
15121072 121.916909722222 0.0477360466884741 0.000146199383205718 1.00000000
15121075 121.949710648148 0.0453495464124418 0.000328920152206528 1.00000000
15121076 121.954814814815 0.043825840766072 0.000138919696302737 1.00000000
15122030 122.427939814815 0.0467494017224188 0.000412338162604542 1.00000000
15122031 122.43693287037 0.0438834063502892 0.000132780114869718 1.00000000
15122034 122.467141203704 0.0434785880542071 0.000134858092092408 1.00000000
15122039 122.500925925926 0.0445473598356299 0.000119927443564599 1.00000000
15122041 122.534224537037 0.0494691855367174 0.000128085772006979 1.00000000
15122062 122.932303240741 0.046087222736836 0.000148451595092711 1.00000000
15122063 122.956203703704 0.0464715948338244 0.000153613224432429 1.00000000
15122064 122.978171296296 0.0459139521320899 0.000150208293845443 1.00000000
15122065 123.000081018519 0.0462139648491555 0.000158887542523288 1.00000000
15123001 123.021724537037 0.0450016681571906 0.000146280853467545 1.00000000
15123002 123.043518518519 0.044907247186839 0.000140639603035563 1.00000000
15123003 123.068425925926 0.0454988057070642 0.000145920410566764 1.00000000
15123004 123.090023148148 0.0508990330051341 0.000238422934098718 1.00000000
15123005 123.111979166667 0.0448834828947157 0.000565239412369933 1.00000000
15123006 123.119108796296 0.0467367848948378 0.000165665044397127 1.00000000
15123019 123.380115740741 0.0454596328894689 0.000147739342417201 1.00000000
15123020 123.403877314815 0.043303025283939 0.000140093055950937 1.00000000
15123021 123.429895833333 0.042352422330301 0.000125599659976462 1.00000000
15123022 123.458252314815 0.0423224558860333 0.000129873471160332 1.00000000
15123023 123.48474537037 0.0443416435963406 0.000132802839488193 1.00000000
15123024 123.511458333333 0.0462703150801411 0.000147666428905969 1.00000000
15123025 123.534143518519 0.046979848287325 0.00014372776641221 1.00000000
15123026 123.558483796296 0.0468285957446716 0.000151588579594827 1.00000000
15123050 123.923368055556 0.0419745680432732 0.000202809403430147 1.00000000
15123051 123.935706018519 0.0401760085377696 0.000149618669483502 1.00000000
15123052 123.955381944444 0.0479464668923141 0.000162224068826325 1.00000000
15123053 123.976979166667 0.0436974951202369 0.000147372858973431 1.00000000
15123054 123.998622685185 0.0443617648322139 0.000147578032871802 1.00000000
15124001 124.020162037037 0.0408634739082353 0.000142903397379758 1.00000000
15124002 124.041770833333 0.0474328062396442 0.000156696225634811 1.00000000
15124003 124.06337962963 0.045039319003024 0.000148203564631587 1.00000000
15124004 124.084641203704 0.0436711212722588 0.000195050130563519 1.00000000
15124028 124.377430555556 0.043415116358074 0.000372735229614807 1.00000000
15124029 124.382118055556 0.0473427575112113 0.000585925273099659 1.00000000
15124031 124.386608796296 0.0467867506560223 0.000173539833162904 1.00000000
15124032 124.41056712963 0.0494735667820766 0.000155041194213169 1.00000000
15124033 124.435451388889 0.0445036876899262 0.000173074684978985 1.00000000
15124034 124.453171296296 0.04551822325051 0.000143870369011785 1.00000000
15124035 124.476747685185 0.0429259735283468 0.000131148844068562 1.00000000
15124036 124.50224537037 0.0437189915409604 0.000633124970567416 1.00000000
15124037 124.506238425926 0.0487631705877861 0.000195786072251523 1.00000000
15124039 124.534675925926 0.0471074626175482 0.00027087894953555 1.00000000
15124056 124.835231481481 0.045647568118057 0.000148625639785279 1.00000000
15124057 124.86037037037 0.0452221818549999 0.000150865741597291 1.00000000
15124058 124.883263888889 0.0470549960101218 0.000116918703971821 1.00000000
15124060 124.928518518519 0.0492581737337585 0.000145506075770813 1.00000000
15124061 124.954699074074 0.0515048954953325 0.000160531745517887 1.00000000
15124062 124.976365740741 0.052321456481192 0.000161954974918759 1.00000000
15125066 125.676550925926 0.0360656085107048 0.000219854194161784 1.00000000
15125067 125.689363425926 0.0412916564184975 0.000137081846977114 1.00000000
15126009 126.132673611111 0.041772401767363 0.000143748517799262 1.00000000
15126010 126.154166666667 0.0407842736855257 0.000142128727291012 1.00000000
15126011 126.176064814815 0.041244959961386 0.000137567433456457 1.00000000
15126012 126.198333333333 0.0382397349631127 0.000132386247431368 1.00000000
15126013 126.21994212963 0.0363177566818469 0.00012668161452702 1.00000000
15126014 126.241469907407 0.0347941833737284 0.000199667921423355 1.00000000
15126015 126.253171296296 0.0393499175498529 0.000133231837169178 1.00000000
15126016 126.278078703704 0.0414312392599547 0.000110174456387303 1.00000000
15126042 126.629131944444 0.00291540248501094 7.66072424334701e-05 1.00000000
15126043 126.635543981481 0.0354569578109543 0.000134536117340683 1.00000000
15126044 126.656990740741 0.0365385866129549 0.000112355862578787 1.00000000
15126045 126.685185185185 0.035346438042044 0.000119942943631242 1.00000000
15126046 126.708726851852 0.037514048705096 0.000125874366903916 1.00000000
15126047 126.732141203704 0.0397908092992412 0.000128302723172533 1.00000000
15126048 126.756793981481 0.0343552310272494 0.000112236747706536 1.00000000
15126049 126.782361111111 0.0384389098918552 0.000126864076477073 1.00000000
15126050 126.806597222222 0.0430661473090651 0.000148586560630704 1.00000000
15127004 127.071944444444 0.0377148861917793 0.000136636004827576 1.00000000
15127005 127.0934375 0.0371627346701188 0.000132704528710766 1.00000000
15127006 127.115578703704 0.0362613038772732 0.000129177075545796 1.00000000
15127007 127.137141203704 0.0371785129946501 0.000130713385130617 1.00000000
15127008 127.158773148148 0.0384458034674203 0.000295978749991661 1.00000000
15127009 127.165601851852 0.033652586313023 0.000121509924655352 1.00000000
15127010 127.1871875 0.035964769134137 0.00012537889656844 1.00000000
15127011 127.208761574074 0.039463626253203 0.000133066607589627 1.00000000
15127012 127.242800925926 0.0349527722235743 0.000182251336747139 1.00000000
15128022 128.354583333333 0.0339745416310569 0.000523388336791635 1.00000000
15128023 128.382384259259 0.0383182091090599 0.000639414862848132 1.00000000
15128024 128.384930555556 0.0345663897352536 0.00011141801968158 1.00000000
15128025 128.413564814815 0.0361410283819584 0.000138510519945188 1.00000000
15128026 128.433472222222 0.0347704315950998 0.000108203892373579 1.00000000
15128027 128.461365740741 0.0385728594753367 0.000170842381919402 1.00000000
15128028 128.474594907407 0.033376854612274 0.000105067500860466 1.00000000
15129002 129.033344907407 0.0427422560077056 0.000154782766453273 1.00000000
15129003 129.055092592593 0.0328552709434372 0.000176678293872581 1.00000000
15129004 129.073356481481 0.0389054390695844 0.000148392738437812 1.00000000
15129006 129.143888888889 0.0359414122291516 0.000130768214098354 1.00000000
15129007 129.165486111111 0.0349036404165973 0.00012935105497615 1.00000000
15129008 129.186990740741 0.0392915958572908 0.000222187636214318 1.00000000
15129050 129.93037037037 0.0371294410452487 0.000118252342040011 1.00000000
15129051 129.960497685185 0.0392248635691266 0.000140837151290778 1.00000000
15129052 129.982060185185 0.0403799619127666 0.000142425128228457 1.00000000
15130001 130.003796296296 0.034789162643438 0.000127607958503858 1.00000000
15130002 130.025347222222 0.0382778922966866 0.00013484702471536 1.00000000
15130003 130.046840277778 0.0376140650550894 0.000130390295327945 1.00000000
15130004 130.068333333333 0.0407678298460013 0.000138425709771928 1.00000000
15130005 130.089490740741 0.0417050140934892 0.000138320226802149 1.00000000
15130006 130.111296296296 0.0444202879810741 0.000268648601241063 1.00000000
15130037 130.639710648148 0.0419647504981139 0.000135345372752014 1.00000000
15130038 130.667534722222 0.041126700441876 0.000126038228913293 1.00000000
15130040 130.695949074074 0.038141339540463 0.000119964024918779 1.00000000
15130041 130.723611111111 0.0368886202234382 0.000109113176559423 1.00000000
15130042 130.754178240741 0.0383491628335777 0.000115460398009385 1.00000000
15130043 130.782766203704 0.0373124449392769 0.00012519716396771 1.00000000
15130044 130.805833333333 0.0378982158102169 0.000168370627411005 1.00000000
15131004 131.08400462963 0.0378541902365089 0.000146228094920919 1.00000000
15131005 131.104467592593 0.0358444147261984 0.000141335567252165 1.00000000
15131006 131.12494212963 0.0390973763318527 0.0001434737582851 1.00000000
15131007 131.146053240741 0.0362639929114831 0.000135289381838479 1.00000000
15131008 131.167025462963 0.0375483759686202 0.000136984070669676 1.00000000
15131009 131.188136574074 0.0368703159896353 0.0001375308946566 1.00000000
15131010 131.208738425926 0.0375598552541526 0.00014124261664551 1.00000000
15131011 131.228946759259 0.0411946074856064 0.000158293542920854 1.00000000
15131040 131.672511574074 0.0308862231368644 0.000109016190226429 1.00000000
15131041 131.702592592593 0.0280319749482595 0.000108105756229529 1.00000000
15131042 131.728576388889 0.0314272290531294 0.000104590514177007 1.00000000
15131043 131.758310185185 0.0321708724897737 0.000201295867123231 1.00000000
15131044 131.766944444444 0.0287036391228128 0.000154334543540781 1.00000000
15131045 131.780289351852 0.0296087269653734 9.63433088944118e-05 1.00000000
15131046 131.810659722222 0.0295017849676834 9.90052590301384e-05 1.00000000
15131047 131.839016203704 0.0310871660625356 0.00013461014723314 1.00000000
15131048 131.855787037037 0.0284648271993717 0.000152543671744798 1.00000000
15131049 131.868611111111 0.0300139035315617 0.000184715945086431 1.00000000
15132007 132.113032407407 0.0317483371847541 0.000124188307941597 1.00000000
15132008 132.135289351852 0.0345343993505289 0.00013216975626036 1.00000000
15132009 132.157083333333 0.0337224737123412 0.000130546106399989 1.00000000
15132010 132.178900462963 0.0294966611693081 0.000119031175669811 1.00000000
15132011 132.200891203704 0.0285858500483892 0.000121886447811292 1.00000000
15132012 132.222199074074 0.029843595464446 0.000121369624006841 1.00000000
15132014 132.24494212963 0.0307715493538145 0.000116761907372104 1.00000000
15132015 132.267060185185 0.0314368972301706 9.38225685871016e-05 1.00000000
15132016 132.301238425926 0.0297590813514668 0.000286292303008809 1.00000000
15132017 132.305787037037 0.0301896223084423 0.000100239819716729 1.00000000
15132018 132.33462962963 0.0307904768339655 0.000119537814443727 1.00000000
15132026 132.663831018518 0.0323363080400522 0.000161822432432282 1.00000000
15132028 132.677025462963 0.0338744192319405 0.00011233609186792 1.00000000
15132029 132.705960648148 0.037495615159387 0.000117674655849591 1.00000000
15132030 132.734525462963 0.0342632479093996 0.000109979672255392 1.00000000
15132031 132.763321759259 0.0317681525159994 0.000101792910349213 1.00000000
15132032 132.791979166667 0.0328948890385588 0.000104184705814125 1.00000000
15132033 132.820509259259 0.0375259936508031 0.000129815617131515 1.00000000
15132034 132.843865740741 0.0375460998287757 0.000130451646148115 1.00000000
15133008 133.160219907407 0.0312101895997405 0.000122300423436703 1.00000000
15133009 133.181956018519 0.035110732700089 0.00012712273952689 1.00000000
15133010 133.204108796296 0.034584716210686 0.000129293861458888 1.00000000
15133011 133.225428240741 0.034069703631357 0.000124394608181301 1.00000000
15133012 133.247164351852 0.0333170792520119 0.000115985457022209 1.00000000
15133013 133.271203703704 0.033186412546751 0.000235261582970563 1.00000000
15133014 133.280092592593 0.0334214130866583 0.000314252296461026 1.00000000
15133036 133.629884259259 0.0372955001566893 0.000117415139046671 1.00000000
15133037 133.658032407407 0.0385605849022896 0.000130018997325733 1.00000000
15133038 133.682025462963 0.0328425903621671 0.000131632117164708 1.00000000
15133039 133.701273148148 0.0333620595320754 0.000102514017560411 1.00000000
15133040 133.733541666667 0.032493532886013 9.9744796706142e-05 1.00000000
15133041 133.765659722222 0.0365670470646466 0.000142370488677812 1.00000000
15133042 133.783912037037 0.0364238102807529 0.000176420569898588 1.00000000
15133043 133.796076388889 0.036169621564219 0.000496667289654235 1.00000000
15133044 133.799189814815 0.0318405893497766 0.000203258914174513 1.00000000
15133045 133.807418981481 0.0367977731673135 0.000130194936156179 1.00000000
15133056 133.998599537037 0.0371223353314346 0.00012384952239698 1.00000000
15134001 134.023275462963 0.0349712946796052 0.000128242535205166 1.00000000
15134002 134.04505787037 0.0359707088713908 0.000125803082957402 1.00000000
15134003 134.06712962963 0.0298843322455649 0.000113863840749261 1.00000000
15134004 134.088587962963 0.030166645427924 0.000113000598837281 1.00000000
15134005 134.110428240741 0.0270726111415608 0.000140544587612986 1.00000000
15134006 134.143101851852 0.0371159998439909 0.000128636805692507 1.00000000
15134007 134.164780092593 0.0403670932099529 0.000134418565944628 1.00000000
15134057 134.832627314815 0.035817637163168 0.000126038135727175 1.00000000
15134058 134.854525462963 0.0347274363623896 0.00017550811846101 1.00000000
15134059 134.865891203704 0.0340283057392584 0.000348164482973621 1.00000000
15134060 134.8703125 0.0363925978380644 0.000210965577337584 1.00000000
15134062 134.880104166667 0.0359676459855705 0.00014967739154805 1.00000000
15134063 134.895787037037 0.0423511903310011 0.000161144578424028 1.00000000
15135010 135.222766203704 0.0375831237609678 0.000128660057738012 1.00000000
15135011 135.24525462963 0.0387661578146835 0.000127614503630681 1.00000000
15135012 135.269074074074 0.0375416692399993 0.000126463079225204 1.00000000
15135013 135.292511574074 0.0407211096083421 0.000119005251383898 1.00000000
15135014 135.320960648148 0.0358770546441885 0.000110066263801556 1.00000000
15135015 135.349375 0.039180245432643 0.000159616461728824 1.00000000
15135016 135.36443287037 0.038975425984283 0.000236350314315227 1.00000000
15136003 136.068229166667 0.0323633783236672 0.000119830524167051 1.00000000
15136004 136.0921875 0.0347648825980127 0.000128143960628099 1.00000000
15136005 136.114074074074 0.0353758499161681 0.000127205417651349 1.00000000
15136006 136.136585648148 0.0399900797392085 0.000149658949658021 1.00000000
15136007 136.154583333333 0.0402721826054176 0.000149137676817171 1.00000000
15136008 136.172766203704 0.0413470917280896 0.000153886663433185 1.00000000
15136009 136.190902777778 0.0365727005745362 0.000140742840142495 1.00000000
15136010 136.20943287037 0.0362598653773447 0.000154517565676431 1.00000000
15136011 136.227175925926 0.0436878483079013 0.0001507211856897 1.00000000
15136012 136.246886574074 0.038163442502736 0.000137162976779102 1.00000000
15136038 136.852962962963 0.0415249200409659 0.000178071620199284 1.00000000
15136039 136.867939814815 0.0452788401343073 0.000150529900995789 1.00000000
15136040 136.889861111111 0.0436760228028246 0.000145134576933315 1.00000000
15136041 136.912337962963 0.0440224801085856 0.000123663620875255 1.00000000
15136042 136.94212962963 0.0387511431812523 0.000149576651602773 1.00000000
15137011 137.240277777778 0.0385648465676401 0.000129145066932077 1.00000000
15137012 137.264131944444 0.0410833134910492 0.000135548839742233 1.00000000
15137013 137.287337962963 0.044392231185625 0.000139647490063313 1.00000000
15137014 137.310532407407 0.039750296439016 0.000124867184113064 1.00000000
15137015 137.335613425926 0.0396965923421854 0.000184220295958396 1.00000000
15137032 137.568229166667 0.0421939633125158 0.000131010677434103 1.00000000
15137033 137.593472222222 0.0407094172148719 0.000133210291272763 1.00000000
15137034 137.6165625 0.0391201246642547 0.000122089775328771 1.00000000
15137035 137.642465277778 0.0443318451859966 0.000122110662613491 1.00000000
15137036 137.67224537037 0.042200905083106 0.000117102078568781 1.00000000
15137037 137.702719907407 0.0436946958259403 0.000143902462617085 1.00000000
15138062 138.710127314815 0.0418851661393867 0.00014151654376585 1.00000000
15138063 138.733148148148 0.0445525755274657 0.00017192075887407 1.00000000
15138064 138.75005787037 0.0480521726034432 0.000133512019159653 1.00000000
15138065 138.779930555556 0.0404219747233149 0.000116970000516493 1.00000000
15138066 138.809525462963 0.0468871622070694 0.000150800929465858 1.00000000
15138067 138.831018518519 0.042884402021019 0.000155007695800722 1.00000000
15138068 138.84912037037 0.0391362359669958 0.000148985013865668 1.00000000
15138069 138.866215277778 0.0454823933158286 0.000327892626947779 1.00000000
15138070 138.871365740741 0.043913484858059 0.000145319126396065 1.00000000
15138071 138.892893518519 0.0485776035139501 0.000181574095327922 1.00000000
15139016 139.386481481481 0.0446323990015351 0.000161672747467452 1.00000000
15139017 139.405601851852 0.0470770759366866 0.000138118158464962 1.00000000
15139018 139.432604166667 0.0444104644899552 0.000127573493221485 1.00000000
15139020 139.462361111111 0.0387557785304569 0.000115979252589617 1.00000000
15139021 139.490763888889 0.0440827758604737 0.000123629322837978 1.00000000
15139022 139.521516203704 0.0468739616710627 0.0001130230271845 1.00000000
15139044 139.841076388889 0.0420220526157977 0.000150436051904283 1.00000000
15139045 139.8625 0.0425031379235802 0.00014927567130264 1.00000000
15139046 139.882916666667 0.0415728464536591 0.000119763937753406 1.00000000
15139047 139.912604166667 0.0457862793147726 0.00012638363876278 1.00000000
15139050 139.944375 0.0421493770495583 0.000117271024787341 1.00000000
15139051 139.973877314815 0.0472629103454648 0.000148548003746798 1.00000000
15139052 139.995601851852 0.0416399651596931 0.000141708739785261 1.00000000
15140002 140.017662037037 0.039562196890949 0.000133499334542879 1.00000000
15140003 140.039722222222 0.0453456597369986 0.000184387672422167 1.00000000
15140018 140.316180555556 0.0510259620819746 0.000162523760701595 1.00000000
15140019 140.341527777778 0.0470235685241462 0.000251496158405782 1.00000000
15140020 140.353611111111 0.0439880999188752 0.000141871106018099 1.00000000
15140021 140.377488425926 0.0453447384623431 0.000140213431492316 1.00000000
15140022 140.401273148148 0.0408877731107582 0.0001319304271929 1.00000000
15140023 140.423958333333 0.0508521606397477 0.000158161124477919 1.00000000
15140025 140.44650462963 0.0424494026388826 0.00041140327431198 1.00000000
15140027 140.475717592593 0.0420322743333395 0.000559541955946685 1.00000000
15140028 140.477928240741 0.0455259142312394 0.000169352010760187 1.00000000
15140050 140.873981481481 0.0459000700481814 0.000270010248876082 1.00000000
15140051 140.881909722222 0.0461193695735447 0.000146462050732785 1.00000000
15140052 140.912766203704 0.0433103767321217 0.000150126089919923 1.00000000
15140053 140.942280092593 0.044295631323897 0.000163044415251158 1.00000000
15140054 140.970428240741 0.047363827712896 0.000274577780929561 1.00000000
15140055 140.9825 0.043204736911518 0.000181025865949668 1.00000000
15141001 141.007453703704 0.0443062230931812 0.000162521247915559 1.00000000
15141002 141.031111111111 0.0412416627873639 0.000145135085645346 1.00000000
15141003 141.052592592593 0.045311658640369 0.00017145283016036 1.00000000
15142008 142.117175925926 0.0467138747012105 0.000155529834614093 1.00000000
15142011 142.141145833333 0.042207640106903 0.000145883300636423 1.00000000
15142012 142.162847222222 0.041674758002152 0.000144334284732475 1.00000000
15142013 142.184050925926 0.0416327735183453 0.000140986191382138 1.00000000
15142014 142.206030092593 0.0426429203871913 0.000141977518084569 1.00000000
15142015 142.227719907407 0.0450532503695948 0.000146087578140753 1.00000000
15142018 142.252337962963 0.0403547410224701 0.000131107127663811 1.00000000
15143032 143.543206018519 0.0447379138179854 0.000148163293714577 1.00000000
15143033 143.565393518519 0.0431815666291794 0.000145504237111692 1.00000000
15143034 143.587256944444 0.0442103694916565 0.000147192269354765 1.00000000
15143035 143.610393518519 0.0508680768038213 0.000157403100060309 1.00000000
15143036 143.6321875 0.046094810178327 0.000203493297512885 1.00000000
15144004 144.057685185185 0.0419412012310961 0.000630248607122209 1.00000000
15144005 144.059722222222 0.0374553415941479 0.000137714587357736 1.00000000
15144006 144.082662037037 0.0449784943309176 0.000149834635876278 1.00000000
15144007 144.104513888889 0.0440505297147826 0.000147194433493714 1.00000000
15144008 144.126666666667 0.0439717517601678 0.000145376397264394 1.00000000
15144009 144.148715277778 0.0417462291170867 0.000138456286143181 1.00000000
15144010 144.170509259259 0.043162678730517 0.000141207741862721 1.00000000
15144011 144.192314814815 0.0438458653989956 0.000144449308686889 1.00000000
15144012 144.214444444444 0.0488881272079946 0.000153128884869569 1.00000000
15144039 144.511678240741 0.0413463106065588 0.000149057539837852 1.00000000
15144040 144.532314814815 0.0423361880613975 0.000173047851218439 1.00000000
15144043 144.550902777778 0.0407213291934908 0.000157450095844684 1.00000000
15144044 144.569918981481 0.0446647487462453 0.000155827634437606 1.00000000
15144046 144.5921875 0.0432733457402842 0.000156390581880262 1.00000000
15144047 144.612962962963 0.0426155996235616 0.000141595001894677 1.00000000
15144049 144.636284722222 0.0502385258450091 0.000135338155996647 1.00000000
15144052 144.6659375 0.0421200189329191 0.000125532610406256 1.00000000
15144070 144.9646875 0.0424879308184226 0.000153412124207847 1.00000000
15145009 145.16443287037 0.0386873051676221 0.000137822360976696 1.00000000
15145010 145.186585648148 0.0400474714010679 0.000157066118866365 1.00000000
15145012 145.209675925926 0.0469217159046505 0.000183547507653635 1.00000000
15145013 145.225949074074 0.0419195034919059 0.000142947870520307 1.00000000
15145014 145.248043981481 0.0469871423949556 0.000166650490327662 1.00000000
15145015 145.267569444444 0.0459265284056056 0.000362227775414789 1.00000000
15145016 145.275555555556 0.0395021727735797 0.000220317262331793 1.00000000
15145017 145.285775462963 0.04017320849459 0.000138313713363362 1.00000000
15145018 145.310069444444 0.0390380626039413 0.000132605175444653 1.00000000
15145019 145.332210648148 0.0454824297043747 0.000145443112517119 1.00000000
15145020 145.354756944444 0.0422380209469841 0.000141418822576566 1.00000000
15145021 145.376921296296 0.0391764340921552 0.0014297284409902 1.00000000
15145037 145.607800925926 0.0392596832790063 0.000130944657405716 1.00000000
15145038 145.634398148148 0.0419229003873352 0.000168668056578391 1.00000000
15145039 145.650717592593 0.0412145924772294 0.000224200385324508 1.00000000
15146001 146.008958333333 0.0403409764478696 0.000142183432270865 1.00000000
15146002 146.03099537037 0.0371646419921537 0.000134586362658772 1.00000000
15146003 146.053009259259 0.0450856962116618 0.000823366058453113 1.00000000
15146004 146.054837962963 0.040836738450644 0.000218873241139738 1.00000000
15146006 146.069201388889 0.0418157394274743 0.000141187965831359 1.00000000
15146008 146.092523148148 0.0394093382800382 0.000134168479665032 1.00000000
15146009 146.114641203704 0.0406282542971444 0.000137543983895898 1.00000000
15146010 146.136782407407 0.0410219434473386 0.000285456823451875 1.00000000
15146013 146.148356481481 0.0383740173261812 0.00013383404483279 1.00000000
15146017 146.187766203704 0.0418612170909264 0.000140652419460378 1.00000000
15146049 146.573090277778 0.0467955447674078 0.000183019488450362 1.00000000
15146050 146.590243055556 0.0382950965989109 0.000144266021335923 1.00000000
15146051 146.610474537037 0.0467328606917353 0.000152496624687326 1.00000000
15146052 146.632766203704 0.0411786805045476 0.000128888371187822 1.00000000
15146054 146.659293981481 0.0425762748120559 0.00023769583451953 1.00000000
15146055 146.6675 0.0389825937556213 0.000107852254643429 1.00000000
15146056 146.69943287037 0.038830222541303 0.000489604096660827 1.00000000
15146057 146.702013888889 0.0443388814655672 0.000118409554286394 1.00000000
15146058 146.733090277778 0.0393079751587406 0.000163635071599037 1.00000000
15147001 147.008865740741 0.0442150413234542 0.000144476586189272 1.00000000
15147002 147.031365740741 0.0410491382028545 0.000122916621637384 1.00000000
15147003 147.059652777778 0.0439878398650483 0.000117893848681102 1.00000000
15147004 147.092488425926 0.0413608953980239 0.000199142787643226 1.00000000
15147005 147.104375 0.0435427590125091 0.00020622919019376 1.00000000
15147006 147.11625 0.0433377294556413 0.000116496396976598 1.00000000
15147007 147.148784722222 0.0404181405575664 0.000120533258803533 1.00000000
15147008 147.176006944444 0.0397690840051647 0.000108658760211231 1.00000000
15147027 147.540462962963 0.0433955756110788 0.000142036852897494 1.00000000
15147028 147.563599537037 0.0442397188404366 0.000145285834161386 1.00000000
15147029 147.58568287037 0.0419787971698908 0.000133565079267845 1.00000000
15147030 147.609780092593 0.0420276359257231 0.000130694529270079 1.00000000
15147031 147.634525462963 0.0455183458079385 0.000133901283346393 1.00000000
15147032 147.660034722222 0.0410078866124215 0.000122334860665584 1.00000000
15147033 147.686238425926 0.0392675735747069 0.000228055282779716 1.00000000
15147041 147.905011574074 0.0410365659934841 0.000147266366887728 1.00000000
15147042 147.926747685185 0.0410365438901294 0.000367021644391975 1.00000000
15148003 148.064861111111 0.0382615067484082 0.00012967271081086 1.00000000
15148004 148.087476851852 0.0409381340140707 0.000126784990108148 1.00000000
15148005 148.114456018519 0.0397718563350215 0.00014233871639727 1.00000000
15148006 148.137013888889 0.0438610163222306 0.000142823319959695 1.00000000
15148007 148.160972222222 0.0372924251296882 0.000135218916188712 1.00000000
15148008 148.183229166667 0.0433035867716425 0.000146017535530424 1.00000000
15148009 148.205659722222 0.0411505870659344 0.00032259310806175 1.00000000
15148010 148.211342592593 0.0396339643402883 0.00014779735693201 1.00000000
15148011 148.231099537037 0.0474883576976245 0.000192577201084261 1.00000000
15149012 149.326099537037 0.0385535373369667 0.000127643994917733 1.00000000
15149013 149.351099537037 0.0375589587440874 0.000123663963002882 1.00000000
15149014 149.376585648148 0.0436136864704332 0.000202686017102975 1.00000000
15149015 149.393564814815 0.039862802497156 0.000191106757283905 1.00000000
15149016 149.406342592593 0.0415629228830179 0.000136246156624704 1.00000000
15149017 149.429733796296 0.0418851833524683 0.000160347699736906 1.00000000
15149069 149.90681712963 0.0376504913117208 0.000396862357222507 1.00000000
15149070 149.910416666667 0.0386893907741993 0.000189326099911319 1.00000000
15149071 149.923668981481 0.0382069646747323 0.000143110957766942 1.00000000
15149072 149.945393518519 0.0358529366155002 0.000275844483744901 1.00000000
15149074 149.953958333333 0.0332328152374439 0.000181375825953138 1.00000000
15149075 149.965173611111 0.0414580182894279 0.000151575328769669 1.00000000
15149076 149.988032407407 0.0455412255933453 0.000145753901116416 1.00000000
15150001 150.012476851852 0.036602556377823 0.000119941013245684 1.00000000
15150002 150.039641203704 0.0432576590075039 0.000143552861975301 1.00000000
15150004 150.063206018519 0.0413189976790377 0.000138803250854704 1.00000000
15150005 150.085 0.0445909969917725 0.000524340786418096 1.00000000
15150014 150.361354166667 0.0375851560372786 0.000123680061549493 1.00000000
15150015 150.388402777778 0.0393777379264393 0.000174304124698817 1.00000000
15150027 150.435462962963 0.0365533575869164 0.000147961351809131 1.00000000
15150030 150.459201388889 0.0355993505286336 0.000193646495926775 1.00000000
15150031 150.46912037037 0.0460587681630947 0.00201946330174257 1.00000000
15150048 150.499664351852 0.0389117942297805 0.000131145075282062 1.00000000
15150049 150.523391203704 0.0410351626815356 0.000257587052850276 1.00000000
15150054 150.540497685185 0.0397882545502239 0.000132493982021056 1.00000000
15150055 150.563668981481 0.0380636297755265 0.000213834708279853 1.00000000
15150056 150.572986111111 0.0449967522015554 0.000380312969215086 1.00000000
15150058 150.585150462963 0.04398933911259 0.000145621966543546 1.00000000
15150062 150.674259259259 0.0425880344332918 0.000235215863919081 1.00000000
15151004 151.039594907407 0.0399361460982322 0.000213079211535033 1.00000000
15151005 151.05 0.0358709202810016 0.000268640597708109 1.00000000
15151006 151.056226851852 0.0428586381100692 0.000146624688585259 1.00000000
15151007 151.079108796296 0.0361670905378834 0.000136336691912624 1.00000000
15151008 151.100833333333 0.043588770263006 0.000208198658522861 1.00000000
15151009 151.112743055556 0.0411966475084834 0.000197080525337307 1.00000000
15151010 151.124814814815 0.040427322943099 0.000141632554889089 1.00000000
15151011 151.146400462963 0.0385375851875263 0.000137660407709044 1.00000000
15151012 151.168078703704 0.0465872051664741 0.000148569805037025 1.00000000
15151013 151.190891203704 0.0413265846953719 0.00013190279163302 1.00000000
15151014 151.214930555556 0.0407075941510388 0.00013713316710556 1.00000000
15151015 151.236701388889 0.0429298019942397 0.000143160658386945 1.00000000
15151017 151.260671296296 0.0367859734265439 0.000130036669266079 1.00000000
15151018 151.282303240741 0.0426448612351468 0.000143827970369886 1.00000000
15151038 151.557592592593 0.0111122767182596 7.61579541930633e-05 1.00000000
15151039 151.579363425926 0.0097340557560102 7.11625243138785e-05 1.00000000
15151040 151.600659722222 0.00945566272992628 6.91869772315767e-05 1.00000000
15151041 151.622002314815 0.0102779042767139 7.39142322104292e-05 1.00000000
15151042 151.642407407407 0.0112264333429234 0.000238689382417734 1.00000000
15151044 151.668761574074 0.0432506235376324 0.00014551094069429 1.00000000
15151045 151.690486111111 0.0385605358519465 0.000134031394500448 1.00000000
15151046 151.712210648148 0.0447782892997717 0.000157973578413117 1.00000000
15151047 151.730740740741 0.0430973702096312 0.000194849749595485 1.00000000
15151048 151.745636574074 0.0402868487185313 0.000136217508243719 1.00000000
15151049 151.767106481481 0.0434902925503129 0.000151622646449783 1.00000000
15152003 152.061944444444 0.0352124983315514 0.000239314754098283 1.00000000
15152004 152.069699074074 0.0417427630490622 0.000583665354494355 1.00000000
15152005 152.073912037037 0.0397915411193475 0.000116314964192859 1.00000000
15152006 152.107581018519 0.0363924429994708 0.000135164398726542 1.00000000
15152007 152.129340277778 0.0398758238207781 0.000140627584127039 1.00000000
15152008 152.150983796296 0.0400133730681261 0.000139806154649056 1.00000000
15152009 152.172581018519 0.0414621546255361 0.000140879779611577 1.00000000
15152010 152.194027777778 0.0374199970081663 0.000129969437574177 1.00000000
15152011 152.215648148148 0.041755094076804 0.000144332106146737 1.00000000
15152012 152.235925925926 0.0414098552446574 0.000139955702535212 1.00000000
15152013 152.257673611111 0.0357113698236716 0.000130067821657689 1.00000000
15152014 152.279305555556 0.040371769822046 0.000137616443596907 1.00000000
15152038 152.560949074074 0.0412570841528559 0.000147040931274236 1.00000000
15152039 152.582291666667 0.0358378086578352 0.000135711590508301 1.00000000
15152040 152.60525462963 0.0361502783184013 0.00016954781705842 1.00000000
15152041 152.6209375 0.0417839900810865 0.000141847439413525 1.00000000
15152042 152.643680555556 0.043896443147826 0.000150339274920926 1.00000000
15152043 152.665324074074 0.0467011061635621 0.000147212514804563 1.00000000
15152044 152.688993055556 0.0441648446331622 0.000146045491534109 1.00000000
15152045 152.710613425926 0.0421961395804403 0.00133756547970093 1.00000000
15152046 152.71181712963 0.040800649273513 0.000133054461239832 1.00000000
15152047 152.735104166667 0.0414067078399259 0.000142709929732668 1.00000000
15152048 152.756006944444 0.0421170328183727 0.000141094584015455 1.00000000
15152049 152.777546296296 0.0405115669148163 0.00013795957681717 1.00000000
15153003 153.045578703704 0.0421532322678552 0.000150096849794305 1.00000000
15153004 153.067303240741 0.0380394616109511 0.000138910409447619 1.00000000
15153005 153.089224537037 0.0421643966624691 0.000395370274336341 1.00000000
15153006 153.094016203704 0.040011190444399 0.000145273280541381 1.00000000
15153007 153.115243055556 0.0375119954089358 0.000135490154288713 1.00000000
15153008 153.13712962963 0.0434611796156099 0.000147393916311293 1.00000000
15153009 153.158935185185 0.0396696747747829 0.000136266869730253 1.00000000
15153010 153.181157407407 0.0404564228869709 0.000136605723530329 1.00000000
15153011 153.202916666667 0.0438196451449529 0.000146276111606767 1.00000000
15153012 153.22474537037 0.0390584048972244 0.000134937928876167 1.00000000
15153013 153.246006944444 0.0412648734872342 0.000137973579015274 1.00000000
15153040 153.629259259259 0.0413366194245274 0.0002010928112336 1.00000000
15153041 153.64244212963 0.0340939294702957 0.000131019727456198 1.00000000
15153042 153.664236111111 0.0437352911323755 0.00015027650271464 1.00000000
15153043 153.685983796296 0.0396162522418807 0.000140954135341598 1.00000000
15153044 153.712395833333 0.0389397967129219 0.000137315802292101 1.00000000
15153045 153.73431712963 0.0347236146965077 0.000128953777500376 1.00000000
15153046 153.756145833333 0.0399522974660414 0.000136313260433513 1.00000000
15153047 153.777847222222 0.0401694036797125 0.000136532897763662 1.00000000
15153048 153.799710648148 0.0384846143688452 0.000132397967925003 1.00000000
15153049 153.821458333333 0.0394089671817337 0.000132983693500539 1.00000000
15153050 153.844236111111 0.0421755609899366 0.000326809702309348 1.00000000
15154012 154.231377314815 0.0373696375984787 0.000115924352122503 1.00000000
15154013 154.263344907407 0.0421038161035399 0.000302525052402759 1.00000000
15154014 154.270081018519 0.0401243168478424 0.000240357747361512 1.00000000
15154015 154.280462962963 0.0398943937339415 0.000128091641878792 1.00000000
15154016 154.308148148148 0.0437073983648696 0.000121563426882795 1.00000000
15154017 154.340590277778 0.0398637077015056 0.000114989918032343 1.00000000
15154018 154.373171296296 0.039123118705491 0.00011450464416055 1.00000000
15154019 154.402800925926 0.0376169605491933 0.000462613547261576 1.00000000
15155010 155.230347222222 0.043637207046034 0.000179052702657705 1.00000000
15156007 156.131342592593 0.0397779533017543 0.000177565777930583 1.00000000
15156015 156.235949074074 0.0427575741879053 0.000124622774941953 1.00000000
15156016 156.264502314815 0.0388450717041406 0.000110114940569442 1.00000000
15156017 156.296678240741 0.0362982645536784 0.0001011940355507 1.00000000
15157010 157.192314814815 0.0457971490068461 0.000201766198135098 1.00000000
15157011 157.209537037037 0.0419026074604968 0.000113671450249512 1.00000000
15157012 157.247488425926 0.0431477684608646 0.000144072864144277 1.00000000
15157013 157.271956018519 0.0419416129574812 0.000129062243429264 1.00000000
15157014 157.300486111111 0.0391208371827387 0.000114704455309563 1.00000000
15157015 157.33181712963 0.0418887450816681 0.000121046214537506 1.00000000
15157016 157.361724537037 0.0404572070680732 0.000123090763707505 1.00000000
15157017 157.389386574074 0.0427451888978971 0.000334029515068068 1.00000000
15157020 157.425104166667 0.0424829333391775 0.000309136535667461 1.00000000
15157048 157.708425925926 0.0420720896770227 0.000390306390553948 1.00000000
15157049 157.712384259259 0.0388328942262937 0.000129105167198692 1.00000000
15157050 157.737881944444 0.0384253509802271 0.00013768278888743 1.00000000
15157051 157.759467592593 0.0395996524909 0.000138770988893739 1.00000000
15157052 157.780949074074 0.0436259419993185 0.000139617311248367 1.00000000
15157053 157.804293981481 0.0457989638191043 0.000143133999195017 1.00000000
15157054 157.827534722222 0.043696275568008 0.000137900025203034 1.00000000
15157055 157.8509375 0.0410826453261398 0.000132045427900771 1.00000000
15157056 157.874340277778 0.0394182028409357 0.0001155863863871 1.00000000
15157057 157.903321759259 0.0417297146782745 0.000140802595391883 1.00000000
15157058 157.924872685185 0.0440792730840836 0.0001458504709478 1.00000000
15158028 158.295462962963 0.0415817580397756 0.000128532010036696 1.00000000
15158029 158.322395833333 0.0373191796233675 0.000111278703813128 1.00000000
15158030 158.354710648148 0.0377640676409981 0.000126584107595145 1.00000000
15158031 158.378981481481 0.0399182299848725 0.000261015159575571 1.00000000
15158032 158.385671296296 0.0436451600964088 0.000231445915844124 1.00000000
15158036 158.4525 0.0443782300537889 0.000143988242678862 1.00000000
15158037 158.474606481481 0.0419292906051139 0.000136755556322608 1.00000000
15158038 158.497986111111 0.0431314973088665 0.000142668456527289 1.00000000
15158062 158.893668981481 0.039792697649662 0.000149073712706502 1.00000000
15158063 158.915034722222 0.040418200109469 0.000147923920533776 1.00000000
15158064 158.936400462963 0.0446187872771199 0.000151722009097846 1.00000000
15158065 158.958715277778 0.0386117001063716 0.000294882475841689 1.00000000
15158070 158.994166666667 0.0369156949682644 0.000121197201091982 1.00000000
15159001 159.019201388889 0.0431239262819317 0.000140278371688031 1.00000000
15159002 159.041365740741 0.0445808217314129 0.000144778748746506 1.00000000
15159003 159.06318287037 0.0459623182880106 0.000149043230513107 1.00000000
15159004 159.084363425926 0.0458625465835899 0.000148536542966567 1.00000000
15159021 159.380925925926 0.0418855937540943 0.000142169665675132 1.00000000
15159022 159.405335648148 0.0398845243567398 0.0002656956619781 1.00000000
15159024 159.414479166667 0.0373048657290759 0.000114652076036807 1.00000000
15159025 159.444351851852 0.0423736766552839 0.000129088201214334 1.00000000
15159026 159.47125 0.0413972616742776 0.000146338671499552 1.00000000
15159027 159.494780092593 0.0451058304636628 0.000124853784131146 1.00000000
15159028 159.524328703704 0.0419278902772175 0.000130498186138572 1.00000000
15159029 159.548888888889 0.0407496142289891 0.000137216365707476 1.00000000
15159030 159.57068287037 0.0416831703443662 0.000134258679628478 1.00000000
15159045 159.898460648148 0.0372447640829168 0.000125985363050558 1.00000000
15159046 159.923240740741 0.0385879810965365 0.000138579991722638 1.00000000
15159047 159.944328703704 0.0417869381972233 0.000155207471489706 1.00000000
15159049 159.965960648148 0.0436203443420409 0.000272899880543416 1.00000000
15159051 159.976400462963 0.0488454425803456 0.000427204802207843 1.00000000
15159054 159.982523148148 0.0395786989770757 0.000224454103358662 1.00000000
15159055 159.990891203704 0.0412066229759367 0.000113819220384548 1.00000000
15160001 160.022939814815 0.0412587103230644 0.0001056157913256 1.00000000
15160002 160.059351851852 0.0392794473385197 0.000127465309869112 1.00000000
15160003 160.084293981481 0.0487646216237526 0.000127305628264836 1.00000000
15160033 160.59775462963 0.0390640117290278 0.000122512232627568 1.00000000
15160034 160.629201388889 0.0378436110600892 0.000131514009950577 1.00000000
15160035 160.654293981481 0.0422845143536922 0.000152974838984108 1.00000000
15160036 160.675416666667 0.0379197582738145 0.000139505623573719 1.00000000
15160037 160.696770833333 0.0409179472436047 0.000145559732799381 1.00000000
15160038 160.718472222222 0.0445343300676343 0.000156672775422167 1.00000000
15160039 160.739756944444 0.0411762968619675 0.000144212663754726 1.00000000
15160040 160.761030092593 0.0415481210681004 0.000175089928756099 1.00000000
15160041 160.776319444444 0.0391946371510168 0.00013957835435785 1.00000000
15161005 161.093194444444 0.041918989528711 0.00014392682625521 1.00000000
15161006 161.116944444444 0.041049502376821 0.000145333187069194 1.00000000
15161007 161.138784722222 0.0407647739932757 0.000149500848705515 1.00000000
15161008 161.160266203704 0.0403686292571469 0.000149285651817185 1.00000000
15161009 161.181863425926 0.0440224658993939 0.000157295728355611 1.00000000
15161010 161.203240740741 0.0418201693544729 0.000154628537470824 1.00000000
15161011 161.224386574074 0.0441232806746821 0.000158228076515917 1.00000000
15161012 161.24599537037 0.0362365908671842 0.000133844098156691 1.00000000
15161013 161.266585648148 0.0391473808713232 0.000255412679434056 1.00000000
15161014 161.275335648148 0.0359087833629902 0.000132883855556655 1.00000000
15161015 161.29681712963 0.0395564218577976 0.000118260407224812 1.00000000
15161052 161.672048611111 0.042478986952934 0.000952616495455018 1.00000000
15161056 161.701782407407 0.0398364375577696 0.00047986084527808 1.00000000
15161059 161.739861111111 0.0384877007271831 0.000189118309259518 1.00000000
15161060 161.752951388889 0.0411701607850091 0.000157721774186008 1.00000000
15161061 161.773877314815 0.0417847524650674 0.000153008815958777 1.00000000
15161062 161.79474537037 0.0416413326697631 0.000140686887584851 1.00000000
15161063 161.817141203704 0.0398081169474482 0.000299427364586589 1.00000000
15161064 161.823020833333 0.0439610447636028 0.000151719452780895 1.00000000
15161065 161.844803240741 0.0428226768674511 0.000145790386745195 1.00000000
15161066 161.865925925926 0.042541170852566 0.000276153457212884 1.00000000
15161067 161.907430555556 0.0441316260108126 0.00061995957627319 1.00000000
15162015 162.344733796296 0.0372787135973352 0.000322060862386235 1.00000000
15162016 162.34974537037 0.0388349390162111 0.000146933842539956 1.00000000
15162017 162.371550925926 0.0384858558003415 0.00015434765847348 1.00000000
15162018 162.389965277778 0.0335761490906459 0.000132976369664863 1.00000000
15162019 162.410081018519 0.0396048650458821 0.000284754130404768 1.00000000
15162020 162.421759259259 0.0356121104785355 0.000132859347659616 1.00000000
15162021 162.443657407407 0.038607483205975 0.000142076096967374 1.00000000
15162022 162.464444444444 0.0414953152960408 0.000146396033353969 1.00000000
15162023 162.486377314815 0.037151015395733 0.000145321157957445 1.00000000
15162024 162.505462962963 0.0413287883893302 0.00017536612823895 1.00000000
15162025 162.520069444444 0.0412522301276535 0.000142834932449109 1.00000000
15162026 162.541539351852 0.0386768332423729 0.000231596622695087 1.00000000
15162047 162.867916666667 0.0398774599968451 0.00051370532049974 1.00000000
15162048 162.870266203704 0.032729081629946 0.000128327834044845 1.00000000
15162049 162.892766203704 0.035206896906021 0.000136658732793572 1.00000000
15162050 162.914224537037 0.0353026531128035 0.00013576702810275 1.00000000
15162051 162.935740740741 0.0325634236097948 0.000160629798814464 1.00000000
15162053 162.95068287037 0.0372779995621143 0.000313556772771755 1.00000000
15162054 162.955983796296 0.035213598786843 0.000128557970280684 1.00000000
15162055 162.979375 0.0432628162042345 0.000161339206154361 1.00000000
15163001 163.001030092593 0.0358545184642124 0.000132909043153986 1.00000000
15163002 163.022916666667 0.0377016790522802 0.000135882524381009 1.00000000
15163003 163.044560185185 0.0377745312291993 0.000203479915223281 1.00000000
15163004 163.056539351852 0.0426945002883728 0.000140414994274502 1.00000000
15163005 163.079212962963 0.0368488142604498 0.000145700254049714 1.00000000
15163022 163.360046296296 0.0347490040309661 0.000298400460863737 1.00000000
15163023 163.365393518519 0.0384948099346183 0.000146089343109663 1.00000000
15163024 163.387118055556 0.0338370648989907 0.00012895945729766 1.00000000
15163025 163.410219907407 0.0355750451593676 0.000154605902349339 1.00000000
15163026 163.426643518519 0.0377019221385006 0.000149132699406189 1.00000000
15163027 163.447048611111 0.0359227545466099 0.000126872398103505 1.00000000
15163028 163.468796296296 0.038334311896863 0.000132226974754843 1.00000000
15163029 163.490960648148 0.0357914771962419 0.000123509138223662 1.00000000
15163033 163.521296296296 0.0410936983673739 0.000276866350928686 1.00000000
15163034 163.529837962963 0.036911049398825 0.000132750064356581 1.00000000
15163035 163.548240740741 0.0399187475853849 0.000159847013788017 1.00000000
15163054 163.861909722222 0.0357498183767872 0.00043164422076892 1.00000000
15163055 163.864930555556 0.0321976136162296 0.000121615949862115 1.00000000
15163056 163.886203703704 0.0373235334279688 0.000123777233123039 1.00000000
15163057 163.908773148148 0.0319524099073272 0.000124484295010723 1.00000000
15163058 163.927141203704 0.038235062888904 0.000292320918578929 1.00000000
15163059 163.932372685185 0.035164300854042 0.000119633052512986 1.00000000
15163060 163.953935185185 0.0295763338392483 0.000106997994344429 1.00000000
15163061 163.975451388889 0.0344459165943107 0.00011832371369625 1.00000000
15163062 163.997071759259 0.0377564982118399 0.000125471255516109 1.00000000
15164001 164.018842592593 0.0338761942351493 0.000177423740729157 1.00000000
15164033 164.461782407407 0.032872512034241 0.000263195614199851 1.00000000
15164034 164.467233796296 0.0380119768034867 0.000302540155335279 1.00000000
15164036 164.473310185185 0.0370669468959318 0.000126752348626019 1.00000000
15164037 164.495532407407 0.0349502200218838 0.000125672873091762 1.00000000
15164039 164.517476851852 0.0364551057926923 0.000127747462110214 1.00000000
15164040 164.538923611111 0.0365202225756164 0.000118270591376308 1.00000000
15164041 164.563101851852 0.0372586189424702 0.000122012860439145 1.00000000
15164042 164.585092592593 0.0346944561606074 0.000115105042960583 1.00000000
15164043 164.607094907407 0.0334572462150247 0.000116240015812278 1.00000000
15164044 164.626782407407 0.0371417818494536 0.000117234670802354 1.00000000
15164045 164.648310185185 0.0390303691286611 0.000120410455565713 1.00000000
15164046 164.671469907407 0.0361052379053501 0.000268274097194004 1.00000000
15164047 164.676921296296 0.0428032347545386 0.000130283356262235 1.00000000
15164048 164.6990625 0.0378169645935592 0.000560953863240055 1.00000000
15164067 164.917835648148 0.0365658274874894 0.000780465269915276 1.00000000
15164068 164.919305555556 0.0363200562194301 0.000125465171345116 1.00000000
15164069 164.943252314815 0.0386614561970971 0.000154649195377467 1.00000000
15164070 164.95931712963 0.0325653657986854 0.000119745134505426 1.00000000
15164071 164.982395833333 0.0375875552034248 0.000125324590552309 1.00000000
15165001 165.00443287037 0.036950955769187 0.000119783833454337 1.00000000
15165002 165.026493055556 0.036185570108624 0.000118759942788183 1.00000000
15165003 165.048599537037 0.0355234907236335 0.000116764249484192 1.00000000
15165004 165.070451388889 0.0379227619472543 0.000154143451154321 1.00000000
15165026 165.451793981481 0.0350775799475184 0.000119480630841958 1.00000000
15165027 165.473634259259 0.0418325552024907 0.000128136669301744 1.00000000
15165028 165.496099537037 0.034103770568013 0.000122052908173663 1.00000000
15165029 165.516631944444 0.0356420098631759 0.000116952376185973 1.00000000
15165031 165.541736111111 0.0359282352109657 0.000166345727469285 1.00000000
15165033 165.556979166667 0.0416679243462679 0.000357324696234252 1.00000000
15165034 165.560706018519 0.0362472008237033 0.00013107758893585 1.00000000
15165035 165.580462962963 0.0379974021543508 0.000119423486356808 1.00000000
15165036 165.602465277778 0.0345152130937662 0.00011486663686947 1.00000000
15165037 165.624641203704 0.0337590323358036 0.000133077653777195 1.00000000
15165038 165.640393518518 0.0312257320636313 0.000103890930366582 1.00000000
15165039 165.663125 0.0335170260502102 0.000477528403047625 1.00000000
15165056 165.946018518519 0.032840136148719 0.000513181361091957 1.00000000
15165057 165.948229166667 0.0399375672903277 0.000137263105892154 1.00000000
15165058 165.969652777778 0.0362867672206494 0.0001278200465271 1.00000000
15165059 165.991643518519 0.0357001380548239 0.000126710334052022 1.00000000
15166004 166.023530092593 0.0333623302226719 0.000117268429354146 1.00000000
15166005 166.045104166667 0.0350246187121198 0.000120257492586869 1.00000000
15166006 166.066701388889 0.0395050364475055 0.000125415287614493 1.00000000
15166007 166.08869212963 0.0379306453100499 0.000122542381380637 1.00000000
15166008 166.110509259259 0.0350385804929313 0.000144055022778313 1.00000000
15166009 166.129340277778 0.0383677251052631 0.000120423124333949 1.00000000
15166029 166.44712962963 0.0325329333239391 0.000300146020868047 1.00000000
15166030 166.450960648148 0.0341670872425192 0.000119403371569535 1.00000000
15166031 166.472743055556 0.0321729108569944 0.000111372929114913 1.00000000
15166032 166.496770833333 0.0363012098148314 0.0001361804193764 1.00000000
15166033 166.514837962963 0.0394916300240609 0.000129472358602467 1.00000000
15166034 166.536666666667 0.0393890745307021 0.000124570942981282 1.00000000
15166035 166.559907407407 0.0343372002615284 0.000116643759169909 1.00000000
15166036 166.581782407407 0.0400626764070117 0.000123097305723763 1.00000000
15166037 166.604988425926 0.0415717294844132 0.000134014702264604 1.00000000
15166038 166.628715277778 0.0365132987652395 0.000124245955206897 1.00000000
15166039 166.647905092593 0.0388991627313347 0.000125565654083948 1.00000000
15167008 167.12375 0.03329159643583 0.000123168154441094 1.00000000
15167009 167.145347222222 0.0347157077658484 0.000125807910120807 1.00000000
15167011 167.167789351852 0.0373249502897343 0.000127316909429054 1.00000000
15167012 167.189548611111 0.0348425990405709 0.00012038684845936 1.00000000
15167013 167.21255787037 0.0366830667273029 0.000126533035563625 1.00000000
15167014 167.232835648148 0.0324515262386654 0.000137095900307768 1.00000000
