15089023 89.4200694444444 0.0146263544278318 2.5613822007179e-05 3.44983435
15089024 89.4417361111111 0.0144723705143519 2.55903075173786e-05 3.69842315
15089025 89.4638194444444 0.0124153505190705 2.32829673843078e-05 4.06995153
15089026 89.487974537037 0.0132269574100668 2.72365539111576e-05 3.59908152
15089027 89.5105555555555 0.013081962951526 2.92406752644578e-05 2.76788902
15089051 89.8719907407407 0.0156384616226068 7.92424616130903e-05 2.85790181
15089052 89.8818981481482 0.0144162791997877 3.73975600329668e-05 2.92264223
15089053 89.898125 0.0149834411644655 2.88020139404773e-05 3.27509427
15089054 89.9187152777778 0.0135072485839474 3.52484277035024e-05 3.45184016
15090002 90.0050578703704 0.0142239163223094 2.41406034825101e-05 3.30662751
15090003 90.0286805555556 0.0143619317681354 2.56313539251275e-05 3.66831136
15090004 90.0505439814815 0.0138398292385676 2.40646250308151e-05 4.00363779
15090005 90.0762731481481 0.0142838020867352 2.88697827906784e-05 3.38157988
15090006 90.0984375 0 0.0013018809891246 2.63965940
15090007 90.0997453703704 0.0148701395035916 3.30881129763902e-05 2.61233091
15090020 90.3642708333333 0.0157907899928504 2.86496237415223e-05 2.66447210
15090022 90.3882060185185 0.0147778853380759 4.17021200132179e-05 3.22926450
15090038 90.548125 0.0136155150832775 2.45201321088986e-05 3.07412934
15090039 90.5692361111111 0.0133200098284213 2.51676495526063e-05 3.57634854
15090047 90.6059606481481 0.0142197628871259 2.35507675216808e-05 3.81924677
15090048 90.6353703703704 0.0146198822565258 2.95830257679611e-05 3.12701559
15090049 90.6573148148148 0.0139589607706231 3.41252844157219e-05 2.91236591
15090050 90.6749768518519 0.0139747944428874 3.77898692006082e-05 2.71479130
15091006 91.1368402777778 0.0149592786421234 2.49837861435972e-05 3.22141242
15091007 91.1589814814815 0.0144037697021864 2.50240519795126e-05 3.64447880
15091008 91.1802430555556 0.0137874897635912 4.62721897428686e-05 3.81354284
15091024 91.448275462963 0.0145457576554658 2.38364478462847e-05 3.42685270
15091025 91.4709027777778 0.0135021251614882 2.49442253757077e-05 3.85387993
15091026 91.4907638888889 0.0139631628272673 2.49182561184706e-05 4.14335346
15091027 91.5121064814815 0.014307849441918 2.63063457024151e-05 4.10588169
15091028 91.5333217592593 0.0142808605614296 2.73955208994143e-05 3.66579080
15091029 91.554849537037 0.0143286808929317 2.86605692575505e-05 3.28497028
15092004 92.0518287037037 0.0183278847851809 2.73686225631315e-05 3.31764865
15092005 92.0735300925926 0.0207971923897092 3.13124954582121e-05 3.73406839
15092006 92.0941782407407 0 0.000285891041483353 4.01906109
15092007 92.0962268518519 0.020317851258021 3.0459068986524e-05 4.03054333
15092008 92.1183796296296 0.0202197464371117 3.30493309933883e-05 3.64848995
15092009 92.1399652777778 0.0191951724292315 3.34089675239967e-05 3.14628959
15092011 92.1634259259259 0.0198278997833151 3.50874039083947e-05 2.79030037
15092012 92.1857291666667 0.0194925232395597 3.59713627511516e-05 2.57491422
15092013 92.2077893518518 0.0201601466721303 5.47560269335521e-05 2.37794232
15092076 92.9559259259259 0.0136002175312836 0.000110932007819493 3.20570350
15092077 92.9597685185185 0.0133481623924593 2.68189019252522e-05 3.01957345
15092078 92.9771875 0.0137366572612278 2.32248521609351e-05 3.32247448
15092079 92.9999189814815 0.0134149625780556 2.38349730996667e-05 3.79707479
15093001 93.0216666666667 0.0128966090845363 2.38069643673217e-05 3.87589121
15093002 93.0440277777778 0.0143536626152492 2.6006236667477e-05 3.74883461
15093003 93.0659259259259 0.0147322601634644 2.75796166489087e-05 3.45192266
15093004 93.088275462963 0.0141740741294441 2.7437889528129e-05 3.18889046
15093005 93.1108912037037 0.0133852660237135 2.80964022211695e-05 2.94354916
15093006 93.1325462962963 0.0140219450931907 2.98374242549963e-05 2.71813083
15093007 93.1541782407407 0.0132729362929254 2.94343553276119e-05 2.54553413
15093008 93.1762731481482 0.0140308792282945 4.00079910385831e-05 2.35879278
15093031 93.4782060185185 0.0143157244222619 2.44721420750369e-05 3.00082397
15093034 93.505162037037 0.014554712744571 2.64001526781961e-05 3.50292301
15093035 93.5290509259259 0.0148049202364538 2.5482021321023e-05 3.72352958
15093036 93.5511226851852 0.0147694295132631 2.74515797942388e-05 3.57382274
15093037 93.5717476851852 0.0144940920249702 2.74811181328491e-05 3.10719872
15093038 93.593275462963 0.0146870675611499 2.8149932634836e-05 3.03179574
15093039 93.6153472222222 0.0145504275455277 2.8337789818165e-05 2.92075157
15093040 93.6378587962963 0.0144765601373757 3.29168797753852e-05 2.85430479
15093041 93.6553240740741 0.0152012677502063 4.57196647713994e-05 2.68001533
