15153036 153.5675 0.0280882054403633 2.15972201757166e-05 1.00000000
15153037 153.589768518519 0.0276496796199105 2.16979230518729e-05 1.00000000
15153038 153.611493055556 0.0315522704430043 3.52541184029466e-05 1.00000000
15154007 154.119664351852 0.0272710059872405 1.88194204676516e-05 1.00000000
15154008 154.150428240741 0.0264559201213926 2.88506353164619e-05 1.00000000
15154009 154.162476851852 0.0263868166694115 2.08314334026921e-05 1.00000000
15154010 154.1846875 0.030027825918783 2.37661960155242e-05 1.00000000
15154011 154.205752314815 0.0275648321252675 2.10147732410565e-05 1.00000000
15155004 155.10474537037 0.0250709069315049 3.42143441239425e-05 1.00000000
15155005 155.113842592593 0.0268015412616338 2.09926326305181e-05 1.00000000
15155006 155.136446759259 0.0262836473389958 1.70980571047302e-05 1.00000000
15155007 155.168668981481 0.0273440322815678 1.74795863452419e-05 1.00000000
15155008 155.201180555556 0.0279441393532196 2.2168498193749e-05 1.00000000
15155009 155.223275462963 0.0284490927298594 5.21450249289141e-05 1.00000000
15156001 156.012210648148 0.0278575614654081 1.73580652246758e-05 1.00000000
15156002 156.046481481481 0.0263725318354915 1.70312369416884e-05 1.00000000
15156003 156.078761574074 0.0301379746904206 1.98905789699649e-05 1.00000000
15156004 156.109189814815 0.0305947561766961 2.6620975772102e-05 1.00000000
15156010 156.153425925926 0.0308034557334814 2.48250991598801e-05 1.00000000
15156011 156.181458333333 0.0314120066829536 3.34807637713736e-05 1.00000000
15156014 156.216053240741 0.0267810246872802 2.73218102232501e-05 1.00000000
15156039 156.871990740741 0.0280639497474551 5.49795333945614e-05 1.00000000
15156040 156.876516203704 0.0275297201188923 2.16334667434675e-05 1.00000000
15156041 156.898483796296 0.0252138133744083 2.02634257989546e-05 1.00000000
15156042 156.920185185185 0.0272609195510019 2.12005298946855e-05 1.00000000
15157004 157.080381944444 0.0227769236011471 2.0482652168903e-05 1.00000000
15157005 157.100474537037 0.026780129995292 8.27320982927478e-05 1.00000000
15157006 157.107905092593 0.0286775376040378 1.79851116477158e-05 1.00000000
15157007 157.140393518518 0.0284295645687145 2.34593287793436e-05 1.00000000
15157009 157.161435185185 0.0313977868185618 2.03825667851785e-05 1.00000000
15157034 157.586041666667 0.0271740294195032 3.16222050952263e-05 1.00000000
15157039 157.610474537037 0.0269624599950861 3.10036838947223e-05 1.00000000
15157045 157.631458333333 0.0315983850534404 2.27463144046779e-05 1.00000000
15157046 157.654502314815 0.0295241441927976 2.30575479646928e-05 1.00000000
15157047 157.676006944444 0.0312665990973447 2.03284754683551e-05 1.00000000
15158024 158.182094907407 0.029686308940478 2.2152719118865e-05 1.00000000
15158025 158.205358796296 0.0268649658420992 1.70658923386111e-05 1.00000000
15158026 158.238449074074 0.0294816273969903 1.84421417459997e-05 1.00000000
15158027 158.270613425926 0.025292162014212 1.9439105083094e-05 1.00000000
15158057 158.778425925926 0.0239126800146614 2.00063961979334e-05 1.00000000
15158058 158.799907407407 0.0265949367124426 2.07307560766997e-05 1.00000000
15158059 158.822453703704 0.0267733987979537 2.09360542535605e-05 1.00000000
15158060 158.844479166667 0.0277620065110246 2.20364300690634e-05 1.00000000
15158061 158.86587962963 0.03188105284532 2.17460821000308e-05 1.00000000
15159016 159.2725 0.0283137054423008 2.0087273171152e-05 1.00000000
15159017 159.298773148148 0.0271640063295847 2.11721596450482e-05 1.00000000
15159018 159.320243055556 0.0271176797992275 1.90784223305646e-05 1.00000000
15159019 159.347581018519 0.0312639602440744 2.02233960718126e-05 1.00000000
15159038 159.761828703704 0.00637924305565069 5.76661723755066e-05 1.00000000
15159039 159.769594907407 0.0257459671218994 2.1001484862106e-05 1.00000000
15159040 159.791157407407 0.0263472369725986 2.07920617922158e-05 1.00000000
15159041 159.812685185185 0.0295701990823797 2.27546223356666e-05 1.00000000
15159042 159.834016203704 0.0270453516831161 2.13787492031629e-05 1.00000000
15159043 159.855324074074 0.0271219659908075 1.94187670291761e-05 1.00000000
15159044 159.882986111111 0.0336481889163128 3.18712753138532e-05 1.00000000
15160027 160.497337962963 0.0263935896034324 1.7581290708692e-05 1.00000000
15160029 160.530173611111 0.0311773532363136 2.50148204071967e-05 1.00000000
15160030 160.54994212963 0.0241426332811411 1.92741279728991e-05 1.00000000
15160032 160.575243055556 0.0288260487496708 2.47742859849609e-05 1.00000000
15160050 160.983703703704 0.0289243341965897 2.34062316299527e-05 1.00000000
15161001 161.005902777778 0.0269171329277741 2.19180055573102e-05 1.00000000
15161002 161.027199074074 0.0274576745337421 2.28485733136065e-05 1.00000000
15161003 161.049016203704 0.0253533141099708 2.0355031068565e-05 1.00000000
15161004 161.071041666667 0.0278470246222251 2.31765250624749e-05 1.00000000
15161036 161.584502314815 0.0233669249912572 1.99950545297477e-05 1.00000000
15161037 161.606388888889 0.0244511811586989 3.38108746327056e-05 1.00000000
15161043 161.630046296296 0.0322404144308323 4.52553406527049e-05 1.00000000
15161048 161.651574074074 0.0263154433973666 5.12204082691039e-05 1.00000000
15161049 161.658229166667 0.0306336965342557 6.3332906588318e-05 1.00000000
15161053 161.674039351852 0.0314639262320594 5.6576475264547e-05 1.00000000
15161054 161.680462962963 0.0304846523026378 3.8295409125961e-05 1.00000000
15161055 161.692974537037 0.0320556722976477 4.61425565444493e-05 1.00000000
15161057 161.706076388889 0.0301997793927074 2.77048587666541e-05 1.00000000
15161058 161.727847222222 0.0294883993049094 3.8146209856251e-05 1.00000000
15162004 162.14306712963 0.0226457206990742 1.81689531535494e-05 1.00000000
15162005 162.165474537037 0.0266744948994513 2.19875718535366e-05 1.00000000
15162006 162.186585648148 0.0288781425323208 3.10689359785524e-05 1.00000000
15162010 162.235590277778 0.027648843680752 2.26459247001253e-05 1.00000000
15162011 162.257488425926 0.0240034079060538 1.88574664395257e-05 1.00000000
15162012 162.281134259259 0.0290182441596428 2.53362833765066e-05 1.00000000
15162013 162.302881944444 0.0281422409359208 2.09217602330892e-05 1.00000000
15162014 162.325960648148 0.0274292202047453 2.62563606739751e-05 1.00000000
15162041 162.759699074074 0.0243017949187525 2.05603273417813e-05 1.00000000
15162042 162.781493055556 0.0284253605835711 2.398744757658e-05 1.00000000
15162043 162.803287037037 0.0214874938833876 4.16487051381721e-05 1.00000000
15162044 162.808460648148 0.0268592139331144 2.20198343891098e-05 1.00000000
15162045 162.829861111111 0.0269574121640975 2.1916037782788e-05 1.00000000
15162046 162.851527777778 0.0253273198087426 2.90358284049087e-05 1.00000000
15163017 163.253078703704 0.0240199200287684 1.97308723105436e-05 1.00000000
15163018 163.27724537037 0.0273472672502107 2.35247533461409e-05 1.00000000
15163019 163.298425925926 0.0284446779405097 2.47254773006723e-05 1.00000000
15163020 163.320335648148 0.0275387312152002 2.3007729745356e-05 1.00000000
15163021 163.343587962963 0.022847543488749 2.26841369506191e-05 1.00000000
15163048 163.75224537037 0.0240159563087781 2.05694981524553e-05 1.00000000
15163049 163.773703703704 0.0244675312281712 1.78108364584115e-05 1.00000000
15163050 163.802708333333 0.0217345799355644 4.21694341890139e-05 1.00000000
15163051 163.808055555556 0.023864086899468 1.97873864654337e-05 1.00000000
15163052 163.829861111111 0.0234854228924235 1.97580576335408e-05 1.00000000
15163053 163.851168981481 0.0239453618604474 3.97103153477486e-05 1.00000000
15164023 164.362777777778 0.0292469655904033 2.36426636821893e-05 1.00000000
15164024 164.385069444444 0.0285601523813969 2.86954244558268e-05 1.00000000
15164028 164.408194444444 0.0274704612759984 3.41257491849723e-05 1.00000000
15164029 164.421087962963 0.0249730882250525 0.000810925020346373 1.00000000
15164030 164.422083333333 0.0258076366348093 2.16707351366114e-05 1.00000000
15164032 164.446585648148 0.0230255102444615 2.53456550116515e-05 1.00000000
15164060 164.809537037037 0.0220318291879922 1.90428336463699e-05 1.00000000
15164061 164.830833333333 0.0213029583263663 5.77724717478251e-05 1.00000000
15164062 164.837800925926 0.0220858533194952 1.99348022739243e-05 1.00000000
15164063 164.856574074074 0.0187271377956983 3.82679459828002e-05 1.00000000
15164064 164.861400462963 0.0241445811968935 3.17976858290653e-05 1.00000000
15164065 164.87125 0.0256629715257525 2.16674595447345e-05 1.00000000
15164066 164.892766203704 0.0263365715410632 2.41942604238278e-05 1.00000000
15165007 165.092430555556 0.0302411447444827 5.95047015520077e-05 1.00000000
15165008 165.099699074074 0.0319310523797948 3.66118865711277e-05 1.00000000
15165009 165.116215277778 0.0300505322424175 4.18498573661894e-05 1.00000000
15165021 165.339780092593 0.0252402625226527 2.03403536991134e-05 1.00000000
15165022 165.361979166667 0.0270348075698431 2.41924384474251e-05 1.00000000
15165023 165.388587962963 0.0258267955717767 2.00544365811966e-05 1.00000000
15165024 165.410949074074 0.0252827121631441 2.01885687639871e-05 1.00000000
15165025 165.433391203704 0.028149025423248 2.70888673614221e-05 1.00000000
15165049 165.839664351852 0.0259481274376853 2.13512661695152e-05 1.00000000
15165050 165.861666666667 0.0256362799411965 2.28127966914635e-05 1.00000000
15165051 165.882268518519 0.0245220480888783 4.40505286042424e-05 1.00000000
15165052 165.888171296296 0.022267137566365 5.3000734527617e-05 1.00000000
15165053 165.893217592593 0.0309887771789943 2.78433654609874e-05 1.00000000
15165054 165.91193287037 0.0245449710581168 1.99166687379999e-05 1.00000000
15165055 165.93994212963 0.0284798723249232 6.79023276539114e-05 1.00000000
15166013 166.194421296296 0.0335666960347782 4.61299185758948e-05 1.00000000
15166023 166.337106481481 0.0242569296600815 2.93520082465909e-05 1.00000000
15166024 166.348055555556 0.0214136673257517 1.83011263531118e-05 1.00000000
15166025 166.36994212963 0.027794682381547 2.80077235770182e-05 1.00000000
15166026 166.386041666667 0.0264847038224829 2.27178078339083e-05 1.00000000
15166027 166.4078125 0.0255605380941738 2.55565472423486e-05 1.00000000
15166028 166.423009259259 0.0272106889770441 2.13004501638153e-05 1.00000000
15167001 167.019571759259 0.0248146509667465 2.09126016507389e-05 1.00000000
15167002 167.041238425926 0.0251015255966265 2.53741151626927e-05 1.00000000
15167006 167.083993055556 0.0276976804440345 2.2849047648108e-05 1.00000000
15167007 167.104247685185 0.0256863255866158 2.65252385803601e-05 1.00000000
