15153036 153.5675 0.0156839659668011 2.69262446735159e-05 2.38640475
15153037 153.589768518519 0.0155198424897286 2.76055754116203e-05 2.22051454
15153038 153.611493055556 0.0164425898948072 4.38243851816341e-05 1.76000011
15154007 154.119664351852 0.0157544593061391 2.19759343029993e-05 1.56082678
15154008 154.150428240741 0.0151508177796831 3.54580128415763e-05 2.25421238
15154009 154.162476851852 0.0151166770830594 2.62259109676968e-05 2.49519467
15154010 154.1846875 0.0160444608431689 2.94574515988596e-05 2.45350218
15154011 154.205752314815 0.0153986119029241 2.71632252453604e-05 1.89632642
15155004 155.10474537037 0.0148922737082568 4.02932383618634e-05 1.75718153
15155005 155.113842592593 0.0152487310412057 2.52086515353371e-05 1.91482997
15155006 155.136446759259 0.0148915070709502 2.14052022851209e-05 2.50943208
15155007 155.168668981481 0.015065715219037 2.21457252547588e-05 2.43522811
15155008 155.201180555556 0.0152189449547347 2.81972526431047e-05 1.70565522
15155009 155.223275462963 0.0154871250385801 7.08497779162378e-05 1.53125334
15156001 156.012210648148 0.0151805423481778 2.14391328324125e-05 2.13040304
15156002 156.046481481481 0.0148280297124921 2.17825828264668e-05 2.45012426
15156003 156.078761574074 0.0159989488291022 2.49980341234091e-05 1.94181263
15156004 156.109189814815 0.0159574957349701 3.40484540833803e-05 1.54133344
15156010 156.153425925926 0.0162454752858197 3.23401121067194e-05 1.03789341
15156011 156.181458333333 0.0164015920168158 4.23379080424691e-05 1.06423998
15156014 156.216053240741 0.0147963935345902 3.48983986064373e-05 1.04040003
15156039 156.871990740741 0.0154824484368363 6.07610422514778e-05 2.45570898
15156040 156.876516203704 0.0154131894668198 2.51634826746162e-05 2.10932636
15156041 156.898483796296 0.0146274831344501 2.5187453231758e-05 2.67674923
15156042 156.920185185185 0.0151229594878782 2.65202611794889e-05 3.23022699
15157004 157.080381944444 0.0139585304709648 2.45208179224254e-05 2.17127776
15157005 157.100474537037 0.0150889539287604 9.81855742384046e-05 2.60860705
15157006 157.107905092593 0.0155142488801392 2.17466327532613e-05 2.90351343
15157007 157.140393518518 0.0153835943341448 2.93721343506552e-05 2.98668361
15157009 157.161435185185 0.0162438708210852 2.55610173464393e-05 2.38133621
15157034 157.586041666667 0.0155283545298519 3.80258961934933e-05 3.16541266
15157039 157.610474537037 0.0154711782698293 3.87907091156616e-05 1.57394671
15157045 157.631458333333 0.0165901932429611 2.76011045621324e-05 7.23640013
15157046 157.654502314815 0.0159151459762772 2.88069368690111e-05 2.30880833
15157047 157.676006944444 0.0164204523187713 2.54121269612009e-05 1.70434797
15158024 158.182094907407 0.016652747525657 2.55438682466989e-05 2.09878421
15158025 158.205358796296 0.0156404479829008 2.13859022926202e-05 2.57426190
15158026 158.238449074074 0.0163602334781578 2.33175020046318e-05 3.01033020
15158027 158.270613425926 0.0149324434070486 2.58982916799636e-05 2.24723220
15158057 158.778425925926 0.0149335677388556 2.39739974034707e-05 2.09610224
15158058 158.799907407407 0.0156448611490508 2.56492599619133e-05 2.12362051
15158059 158.822453703704 0.0155563422362064 2.66024475066126e-05 2.57283926
15158060 158.844479166667 0.0157612373406232 2.82201346794015e-05 2.38316464
15158061 158.86587962963 0.0168138482102062 2.7476463704378e-05 1.85565078
15159016 159.2725 0.0162460437885812 2.33646628995795e-05 4.29229784
15159017 159.298773148148 0.0157505059702911 2.62108435492166e-05 6.95336056
15159018 159.320243055556 0.0155494543081334 2.43179473060721e-05 2.26422119
15159019 159.347581018519 0.0167609510455646 2.54107432680741e-05 1.63522971
15159038 159.761828703704 0.00747869304228161 7.37683758805331e-05 1.95671964
15159039 159.769594907407 0.0154392058072811 2.53999480085699e-05 1.78657866
15159040 159.791157407407 0.0154540014649666 2.60944470482347e-05 2.57806158
15159041 159.812685185185 0.0163957177011808 2.84359118814244e-05 2.60473847
15159042 159.834016203704 0.0155867037810781 2.76340336528061e-05 2.45115161
15159043 159.855324074074 0.0155594685241072 2.52908041739676e-05 1.81494892
15159044 159.882986111111 0.017277829676329 3.99302644364427e-05 1.50570679
15160027 160.497337962963 0.0155169526262804 2.11784909821876e-05 1.73601496
15160029 160.530173611111 0.0167484465556277 3.04701087793809e-05 2.66020775
15160030 160.54994212963 0.0145461072359053 2.5311142945652e-05 2.54837012
15160032 160.575243055556 0.0158416850483163 3.15163721403029e-05 2.04832673
15160050 160.983703703704 0.0164025891240867 2.68754746690908e-05 1.76309860
15161001 161.005902777778 0.0156894157343656 2.69914738732354e-05 2.16332889
15161002 161.027199074074 0.0156179469673794 2.87250998995633e-05 2.63282156
15161003 161.049016203704 0.0149184416991435 2.64915584031894e-05 2.65323758
15161004 161.071041666667 0.0157537882334729 3.03174281594515e-05 2.03041124
15161036 161.584502314815 0.01462549210963 2.41979961935329e-05 1.55312014
15161037 161.606388888889 0.0148730052042077 4.19682235456036e-05 2.05419827
15161043 161.630046296296 0.0170762958926002 5.47238416084723e-05 2.29610848
15161048 161.651574074074 0.0156041702511836 7.52378219924811e-05 1.00816011
15161049 161.658229166667 0.0167496411862472 8.76227243661857e-05 1.04208004
15161053 161.674039351852 0.0169793641384843 7.8811381874248e-05 1.00127995
15161054 161.680462962963 0.0167415288907822 5.41775128416325e-05 1.00000000
15161055 161.692974537037 0.0171471380754596 6.36412902804326e-05 1.00840008
15161057 161.706076388889 0.0164147782157453 3.81974463611662e-05 1.00000000
15161058 161.727847222222 0.0163491243465595 5.2534529473557e-05 1.02728009
15162004 162.14306712963 0.0154599896039838 2.47035354980754e-05 1.94233501
15162005 162.165474537037 0.015388935812453 2.70440441659303e-05 2.35512710
15162006 162.186585648148 0.0157321966953157 3.8091468800669e-05 2.81609178
15162010 162.235590277778 0.0157987195701685 2.60939706005376e-05 2.18334317
15162011 162.257488425926 0.0145193014911102 2.37837263233662e-05 2.30921102
15162012 162.281134259259 0.0159215334335991 3.14332010588366e-05 2.68044686
15162013 162.302881944444 0.0157089459108299 2.66598208421776e-05 2.71648359
15162014 162.325960648148 0.0154741812066017 3.48844363311976e-05 2.14454460
15162041 162.759699074074 0.0147474689777774 2.45749594236216e-05 2.23759031
15162042 162.781493055556 0.0159083831314862 2.91348009451135e-05 2.68803430
15162043 162.803287037037 0.0132420462100676 5.42767614622998e-05 3.10138202
15162044 162.808460648148 0.0151939923657621 2.78642310704847e-05 3.05686760
15162045 162.829861111111 0.0152682508137697 2.81912559084166e-05 2.50745559
15162046 162.851527777778 0.0146893354397084 3.81267766047178e-05 2.23848748
15163017 163.253078703704 0.0145417671794614 2.35801360206134e-05 2.46042657
15163018 163.27724537037 0.0152079540971092 2.85113175308906e-05 2.82318854
15163019 163.298425925926 0.0157446437888362 3.07383215977826e-05 3.42138839
15163020 163.320335648148 0.0151729654512411 2.90946757541322e-05 3.00087667
15163021 163.343587962963 0.0137307339321526 3.04985347086748e-05 2.29664111
15163048 163.75224537037 0.0136288184192229 2.47850204324538e-05 1.53394675
15163049 163.773703703704 0.0138748214558132 2.16171344131796e-05 2.36957216
15163050 163.802708333333 0.013145909939567 5.34810590708486e-05 2.95979142
15163051 163.808055555556 0.0137963017919804 2.46805805428396e-05 2.78280282
15163052 163.829861111111 0.01379281693673 2.48972035523047e-05 2.27272105
15163053 163.851168981481 0.0139849417425324 5.00594063931647e-05 1.64407492
15164023 164.362777777778 0.0159882828920701 2.68265947483067e-05 1.34456003
15164024 164.385069444444 0.0157320774615569 3.4041878176746e-05 1.60553288
15164028 164.408194444444 0.0154523067837914 4.11635285751257e-05 2.37936950
15164029 164.421087962963 0.0127751273434114 0.000970882263270608 2.49715638
15164030 164.422083333333 0.0148012691215593 2.66520636902376e-05 2.46412182
15164032 164.446585648148 0.0139129153198825 3.24408124360377e-05 2.06567168
15164060 164.809537037037 0.013470976449438 2.24677228697304e-05 2.05013084
15164061 164.830833333333 0.013202771255453 6.95798168368348e-05 2.87122178
15164062 164.837800925926 0.0135149354564784 2.44295442549114e-05 3.13335156
15164063 164.856574074074 0.0123119808132702 4.91828629821876e-05 3.78686380
15164064 164.861400462963 0.014063804233158 3.87198407651977e-05 3.49491763
15164065 164.87125 0.0147346133598323 2.65859427780442e-05 3.37197828
15164066 164.892766203704 0.0149988401405549 2.98152863700915e-05 2.55242348
15165007 165.092430555556 0.0161014911191486 6.95974430801185e-05 1.17600012
15165008 165.099699074074 0.0163783345863954 3.84487401465193e-05 1.14445341
15165009 165.116215277778 0.0157635853148605 4.40163492541679e-05 1.05085337
15165021 165.339780092593 0.0148426301691328 2.32935187517727e-05 6.99140024
15165022 165.361979166667 0.0152590617755604 2.81827260839977e-05 7.83915234
15165023 165.388587962963 0.0147808395114022 2.42489120200979e-05 7.87280846
15165024 165.410949074074 0.0146496173170058 2.47955709643469e-05 7.47386408
15165025 165.433391203704 0.0155017969796071 3.27137483038565e-05 6.71888876
15165049 165.839664351852 0.0146120381260049 2.43038987672287e-05 2.34877992
15165050 165.861666666667 0.0145582708313499 2.69931187212158e-05 3.18693185
15165051 165.882268518519 0.0139904024092134 5.30846099920827e-05 3.80328631
15165052 165.888171296296 0.0132893434898208 6.54400022399322e-05 3.87259412
15165053 165.893217592593 0.0162804368026595 3.22143852789777e-05 3.56972742
15165054 165.91193287037 0.0142709066158576 2.47250772232863e-05 2.86244488
15165055 165.93994212963 0.0156238750267495 8.27091657483717e-05 2.08994150
15166013 166.194421296296 0.0165732860267561 4.62515699450987e-05 1.00000000
15166023 166.337106481481 0.0144407302587474 3.32794023572439e-05 1.48288000
15166024 166.348055555556 0.0135124068439754 2.21504689265037e-05 1.69575393
15166025 166.36994212963 0.0156269585292554 3.2817250216206e-05 2.28787613
15166026 166.386041666667 0.0149534822810157 2.72137787804052e-05 2.38049293
15166027 166.4078125 0.0149431249148104 3.1489716968515e-05 2.21356106
15166028 166.423009259259 0.01539807271335 2.6129154940553e-05 1.95082164
15167001 167.019571759259 0.014757682626525 2.43624229916713e-05 1.63786829
15167002 167.041238425926 0.0145820152950603 3.01756192360612e-05 2.29158854
15167006 167.083993055556 0.0154603862513405 2.768455639688e-05 2.28140044
15167007 167.104247685185 0.0148749160466563 3.3224840486793e-05 1.93774688
