15084002 84.0311805555556 0.0556309215286835 0.000110425830302026 1.05094945
15084003 84.0434375 0.0528937390012615 0.00036124743719952 1.00000000
15084004 84.0452893518518 0.0500611375052565 0.000349089702252444 1.00000000
15084005 84.0472569444444 0.0486072646482593 0.000381259965345732 1.00000000
15084006 84.0488541666667 0.0514237671078544 7.80192057706982e-05 1.00000000
15084007 84.069212962963 0.0551854928886703 8.3204140248606e-05 1.00000000
15084008 84.0907638888889 0.0562296509537713 8.88233946175393e-05 1.00000000
15084009 84.1122337962963 0.0505992848522209 8.71708244639854e-05 1.00000000
15084010 84.1338078703704 0.0516556506970804 9.15835033526545e-05 1.00000000
15084011 84.1565972222222 0.0554664979910178 9.4587759728873e-05 1.00000000
15084022 84.2810069444444 0.0510117755166763 0.000126245354714602 1.24462402
15084024 84.2914930555556 0.0484704042866668 0.00011124788305958 1.06943202
15084025 84.309837962963 0.0494629966897445 7.73742157363928e-05 1.00000000
15084027 84.3348611111111 0.0518907691549197 9.23501627282321e-05 1.00000000
15084028 84.3513657407407 0.0537428407999642 8.99542693730835e-05 1.00000000
15084029 84.37125 0.0532080641616037 8.9586631023564e-05 1.00000000
15084030 84.3902777777778 0 4.27134648054398e-06 1.00000000
15084031 84.395625 0.0527932503916229 0.000106509370250586 1.00000000
15084032 84.4072337962963 0.0490751479679058 0.000344539707384422 1.00000000
15084033 84.4092708333333 0.0539400530870599 9.39377449106269e-05 1.00000000
15084034 84.4240625 0.0494386387039756 0.000124717601902895 1.00000000
15084036 84.4357175925926 0.0500635442999397 8.02601011975521e-05 1.00000000
15084037 84.4542824074074 0.0487503501396105 7.78657221226251e-05 1.00000000
15084038 84.4720486111111 0.049267115933287 0.000201898787651263 1.00000000
15084039 84.4751851851852 0.052472153297989 0.000115459037816362 1.00000000
15084040 84.4850694444444 0.0504632526893325 7.9473343206578e-05 1.00000000
15084052 84.6889583333333 0.051741050515546 0.00014457661143943 1.29740012
15084053 84.6945949074074 0.0500344690433266 0.000432452558751564 1.27476001
15084054 84.6965162037037 0.050294637270734 0.000101953762274001 1.27107203
15084055 84.7089236111111 0.048124295883429 0.000118640913282993 1.26473868
15084058 84.7212615740741 0.0539406833907112 0.00011245322583651 1.26080012
15084059 84.7286689814815 0.0481355421095561 6.14786690064121e-05 1.26033330
15084060 84.7495023148148 0.0519664044807597 0.000234343345671287 1.24296272
15084061 84.7531018518518 0.052909887118171 0.000585214541134052 1.24201071
15084062 84.7553935185185 0.0516848132257745 0.000243214994167368 1.23958671
15084063 84.7576967592592 0.0516396397799386 7.04085251223951e-05 1.22993076
15084064 84.7826157407407 0.0520690411868774 0.000100608156232331 1.20429063
15084066 84.7958101851852 0.0566053288539194 7.07233740849826e-05 1.18375206
15084067 84.8171875 0.0561805305140225 7.38731513838394e-05 1.09782147
15084068 84.8385069444444 0.0481976337772579 7.22760745249515e-05 1.02352273
15084069 84.8575694444444 0.0518353850635658 0.000125411573402356 1.00000000
15084070 84.8650347222222 0.0512981233394481 0.000105329220579411 1.00000000
15084090 84.9304050925926 0.048415253266396 8.83824666404522e-05 1.36139476
15084091 84.9428935185185 0.0528217588775183 7.53559427332411e-05 1.29620814
15084092 84.9617476851852 0.0500271462636816 6.1091792974689e-05 1.27859199
15084093 84.9834722222222 0.051491770659055 6.34727863496173e-05 1.26586950
15085001 85.0056018518518 0.0502713806147452 6.28417253787238e-05 1.23691475
15085002 85.0274421296296 0.0512344645220966 6.61103027422644e-05 1.19497871
15085003 85.0492824074074 0.0518764167886185 6.63624402276771e-05 1.15803206
15085004 85.0709837962963 0.0520372905555175 6.91841724553874e-05 1.12690151
15085005 85.0927199074074 0.0553789624913237 7.36562406691195e-05 1.03585064
15085006 85.1144560185185 0.0547378794803444 7.36343649336216e-05 1.00000000
15085007 85.1367939814815 0.0598942608738443 0.000100925932394474 1.00000000
15085008 85.1560532407407 0.0573907922279895 0.000128688861315104 1.00000000
15085010 85.175 0.0560735322031036 9.32182932392667e-05 1.00000000
15085012 85.1945486111111 0.0560561221393214 0.000173749048720647 1.00000000
15085013 85.2001157407407 0.0513842745643567 0.000164534245855642 1.00000000
15085014 85.2059837962963 0.0553667567608067 0.000174609236932343 1.00000000
15085015 85.2113888888889 0.0546235675000945 0.000172673559882094 1.00000000
15085016 85.2168634259259 0.0553231168515476 0.000174744922580239 1.00000000
15085017 85.2223958333333 0.0533950020605282 0.000176391522000997 1.00000000
15085018 85.2278356481481 0.0551249570535384 0.000175186096528394 1.00000000
15085019 85.2335648148148 0.0608603814621817 0.000190397140789933 1.00000000
15085020 85.2390277777778 0.060178164729333 0.000189963040115942 1.00000000
15085021 85.244537037037 0.0513718363029265 0.000105408444087691 1.00000000
15085022 85.2592708333333 0.0528973514874168 9.28527320819162e-05 1.00000000
15085115 85.9864351851852 0.0472654196831914 5.41069277538668e-05 1.33559477
15086001 86.0099768518518 0.0478114519121834 8.27758745437993e-05 1.26892543
15086003 86.0241898148148 0.0479712771329407 6.32337481671111e-05 1.25676000
15086004 86.0436921296296 0.0492778499695666 0.000101697936676841 1.28206944
15086005 86.0518634259259 0.0514169463269743 6.840776563499e-05 1.25817347
15086006 86.0745833333333 0.0471824228607006 7.43091878840288e-05 1.16120279
15086007 86.0911805555556 0.0493833867718253 0.000157134646204421 1.14030945
15086009 86.0976388888889 0.0453948223486343 6.8069725670892e-05 1.14758134
15086010 86.1189699074074 0.0547262132023641 7.32597349154845e-05 1.04896009
15086011 86.1405787037037 0.0519523161429562 7.58900001782184e-05 1.00000000
15086012 86.1625 0.0492466855606262 7.63163393611391e-05 1.00000000
15086013 86.1843402777778 0.0502211074974507 6.81189658729796e-05 1.00000000
15086014 86.2202662037037 0.0492496790777841 0.000112876953122351 1.00000000
15086016 86.2338078703704 0.0536654435562046 9.93528732213389e-05 1.00000000
15086017 86.2558912037037 0.0481579047972816 8.54491282696434e-05 1.00000000
15086018 86.2767592592593 0.0534236765682393 9.69017802665549e-05 1.00000000
15086044 86.5321643518518 0.0506033149863963 0.000147116625602522 1.41992283
15086045 86.5360648148148 0.0508205317336992 0.000165937594593681 1.38373876
15086046 86.5402893518519 0.0470603912255724 6.69922871771388e-05 1.36264277
15086050 86.5600694444444 0.0487017657496653 0.000125241654460964 1.33785868
15086051 86.5661805555556 0.0506571470701303 8.83496953263094e-05 1.26350939
15086054 86.5897685185185 0.0417670815635981 6.49227014954346e-05 1.35927737
15086055 86.6055324074074 0.0485321841520681 7.6021783296888e-05 1.36935198
15086058 86.6250462962963 0.0498052020417507 8.32272551447231e-05 1.35587478
15086059 86.639837962963 0.0439151209460828 0.000110124073205791 1.36631477
15086060 86.6496875 0.0471797264337432 0.000127007514383458 1.25842667
15086061 86.6562847222222 0.0457073133547547 6.4141753879592e-05 1.32260013
15086062 86.6763078703704 0.047247704718584 6.60110426628406e-05 1.23569071
15086063 86.7009027777778 0.0499564558850065 6.97472533382604e-05 1.18304002
15086064 86.7215393518518 0.0452157936249588 6.57159516854113e-05 1.11142671
15086065 86.7445717592593 0.0451619413496747 0.000144268428660794 1.14465868
15086066 86.751400462963 0.0491727888443774 6.94948062858255e-05 1.17188275
15086067 86.7741203703704 0.0482051492290592 8.12922930452548e-05 1.00000000
15086068 86.7928819444444 0.0465386618026616 7.06179119876547e-05 1.05452275
15086069 86.8151388888889 0.0448554014862979 6.80039700860206e-05 1.00000000
15086072 86.8401157407407 0.0534601454426936 9.00977739200034e-05 1.00000000
15086073 86.8615625 0.0480990063308036 9.47938755308609e-05 1.00000000
15086074 86.8804861111111 0.0521580528644886 8.38432873239983e-05 1.00000000
15086075 86.9022106481481 0.0485536698914932 0.00041984761274006 1.00000000
15086076 86.9076157407407 0 4.28683443092406e-06 1.00000000
15086077 86.9090740740741 0.0482633531002681 9.51678013685466e-05 1.00000000
15086078 86.9257175925926 0.0513106046317422 0.000314246021411761 1.00000000
15086079 86.9281018518518 0.0514012890578201 0.000172289197217787 1.00000000
15086082 86.9987731481481 0.0453246140276777 6.35379576316643e-05 1.59889340
15087001 87.0172685185185 0.0448161880274876 5.68617146947786e-05 1.49046671
15087002 87.0402893518519 0.0483510072024761 5.72330666473972e-05 1.49400544
15087004 87.0700925925926 0.0479313922445181 5.45422069715568e-05 1.47259486
15087005 87.0973726851852 0.0488282651991135 0.000383431188778624 1.34450400
15087006 87.1015046296296 0.0490677217252724 5.98624431288915e-05 1.34021866
15087007 87.126099537037 0.0463216984636018 5.85980493969946e-05 1.38931477
15087008 87.1500578703704 0.0495608289055241 6.33145929565238e-05 1.31842673
15087009 87.1744444444444 0.0450618355868453 6.2599415191962e-05 1.22992527
15087010 87.1976388888889 0.0504237001946134 7.23726435972547e-05 1.14487731
15087011 87.2197453703704 0.0502567832232591 0.000166174190331878 1.00000000
15087012 87.2261689814815 0.0493145970277844 7.57894554834048e-05 1.00000000
15087013 87.248287037037 0.0511331525623687 0.000107946872846144 1.00000000
15087016 87.2731365740741 0.0478178129470176 7.88288668022719e-05 1.00000000
15087017 87.2956828703704 0.0510415832223469 8.41618138722969e-05 1.00000000
15087018 87.3182986111111 0.0516890195890688 0.000125608871557437 1.00000000
15087019 87.3311574074074 0.0504685644655664 9.24760350649292e-05 1.00000000
15087020 87.3530324074074 0.0565803458610384 0.000130218648817899 1.00000000
15087021 87.3737384259259 0 6.25482455174034e-07 1.00000000
15087022 87.3854398148148 0.0520388932657051 0.000122854078582126 1.00000000
15087036 87.5429282407407 0.0424199922868645 8.53726696141125e-05 1.71021342
15087037 87.5605324074074 0.0448524405340121 9.10371807501204e-05 1.28719997
15087038 87.5841782407407 0.0448357676500762 5.75907251098076e-05 1.31932807
15087039 87.606875 0.04252577368965 5.38074117392312e-05 1.41805863
15087040 87.6303472222222 0.0437342490093825 5.54457469547654e-05 1.43978143
15087041 87.6517939814815 0.0400168512071243 5.3377181835063e-05 1.44228280
15087042 87.6731481481481 0.0474284926402744 5.89263914632722e-05 1.41665065
15087043 87.6959953703704 0.0501213847074266 9.18564157647689e-05 1.34468806
15087046 87.707650462963 0.0505008552799649 6.54954494054507e-05 1.31278944
15087047 87.7292824074074 0.0436444289433056 6.01284713472615e-05 1.20922399
15087049 87.7511921296296 0.0448567622069111 5.98582919007087e-05 1.32908273
15087050 87.7728935185185 0.0431229626908158 0.000129357181310443 1.23810673
15087052 87.7785185185185 0.0475465288979345 0.000119313277478899 1.26996803
15087055 87.8344791666667 0.0518181643536928 0.000160071141825448 1.00000000
15087056 87.8402083333333 0.0452141087485547 6.94791795311842e-05 1.00000000
15087057 87.8633449074074 0.0555630625157212 0.000229905097452456 1.00000000
15087058 87.8822337962963 0.0453659052247784 0.00014188727181758 1.00000000
15087059 87.8880324074074 0.0498368297674061 0.000150943184566684 1.00000000
15088003 88.0151851851852 0.0482074879565232 5.86413760147899e-05 1.72188008
15088004 88.0334606481482 0.0457209118541199 4.87748853574388e-05 1.99340558
15088005 88.0582291666667 0.042480072817061 4.73477169769234e-05 2.25659466
15088006 88.0802430555556 0.0455354991211821 5.17371640975829e-05 2.08136559
15088007 88.1019791666667 0.0496877700351665 5.86142919948754e-05 1.65435743
15088008 88.1239699074074 0.0466156885115026 5.49215993235525e-05 1.34713614
15088013 88.1574074074074 0.043617861030507 5.52928529248471e-05 1.17138398
15088014 88.1841666666667 0.052066325483689 7.03856227483101e-05 1.11569333
15088015 88.20625 0.0525112185810621 7.29688807058737e-05 1.07133067
15088017 88.2288773148148 0.0486287644696638 6.95131255969417e-05 1.04380536
15088019 88.2507638888889 0.052750770968587 7.21825351343865e-05 1.02053070
15088020 88.274375 0.0510460493464243 7.89141691180649e-05 1.00000000
15088037 88.5148726851852 0.0462329626744799 5.75188141610262e-05 2.04428554
15088039 88.5312384259259 0.0409420357763525 0.000108047043352856 2.08855724
15088041 88.540625 0.0414776325183275 9.38907514195592e-05 1.00000000
15088044 88.576712962963 0.049791991679791 5.68347422194805e-05 2.25271225
15088063 88.8987731481482 0.0434671944689807 6.76389336330328e-05 1.37015212
15088064 88.9156134259259 0.0469735488806058 6.56667998466397e-05 1.12741065
15088066 88.9388194444444 0.0468314713377888 6.87537453839471e-05 1.04895473
15088067 88.9593171296296 0.0453727037679918 7.994073275632e-05 1.03404546
15088068 88.9761111111111 0.0422196728441092 6.28179963195957e-05 1.06927466
15088069 88.9978125 0.0463936917962347 6.5003402750417e-05 1.14253342
15089002 89.0197222222222 0.0418792900225113 5.86663211867531e-05 1.06831741
15089004 89.0454398148148 0.0448167126131287 6.85737768489603e-05 1.00000000
15089005 89.0674074074074 0.0430217466941682 6.88922170561962e-05 1.00000000
15089006 89.0890277777778 0.0442821085560095 7.22406797386946e-05 1.00000000
15089007 89.1107291666667 0.0442460365576916 7.1592839743395e-05 1.00000000
15089008 89.1347569444444 0.0424422536384515 6.94159026213703e-05 1.00000000
15089009 89.1592592592593 0.0474034797210475 6.65587019957972e-05 1.00000000
15089010 89.1875231481482 0.0442984694654816 0.000127485683093108 1.00000000
15089028 89.5335532407407 0.0449765238847916 8.84814786924019e-05 1.34012806
15089029 89.5455555555556 0.0461328126615725 0.000105061520371269 1.33210945
15089030 89.5561689814815 0.0473827162311865 6.13788110789416e-05 1.29977071
15089031 89.5792592592592 0.0467195805768675 9.58283322613366e-05 1.13142407
15089032 89.5897685185185 0.0407065139316141 5.89111247842265e-05 1.07361341
15089033 89.6159722222222 0.0438790735097009 7.12794547338284e-05 1.00000000
15089034 89.6359143518519 0.0449506263445428 6.83730003144975e-05 1.00000000
15089036 89.6587152777778 0.0452901118311184 8.89683254320548e-05 1.05561602
15089037 89.672337962963 0.0524027948607366 7.18374499948368e-05 1.07676280
15089038 89.6939467592593 0.0501671605563608 9.72399002038484e-05 1.00000000
15089039 89.709212962963 0.0514018877815974 7.42880589475152e-05 1.00000000
15089040 89.7308796296296 0.0487917172741332 7.27463127141027e-05 1.00000000
15089041 89.7524421296296 0.0474729094126516 0.000133544251088928 1.00000000
15089042 89.7604398148148 0.0462892022193661 7.52593660488459e-05 1.00000000
15089044 89.7836111111111 0.0499170108788847 8.91229643936875e-05 1.00000000
15089045 89.8013194444444 0.0563215044434619 8.03133748323885e-05 1.00000000
15090008 90.1211805555556 0.0496061615763572 6.88343352445177e-05 1.33005869
15090010 90.1397106481482 0.045142175660933 5.93833417207386e-05 1.26627731
15090053 90.6929166666667 0.043951263594948 5.91825460743975e-05 1.43234408
15090054 90.7143518518519 0.0443933213668203 6.04609994375883e-05 1.30590677
15090056 90.7378472222222 0.0451014825908284 6.1878157482804e-05 1.24238944
15090057 90.7593287037037 0.051101304153318 8.0087579453149e-05 1.18997872
15090058 90.7763310185185 0.0495860042546699 6.76821967740991e-05 1.14314675
15090059 90.7980208333333 0.049255639680286 0.000236928771887444 1.11431205
15090060 90.8020138888889 0.0504092687858133 6.85873582460641e-05 1.11060274
15090062 90.8238078703704 0.0486165238689723 7.09289036570563e-05 1.03442943
15090063 90.8445138888889 0.0532444603816026 7.08013251808504e-05 1.00000000
15090064 90.8698611111111 0.0532886302157143 7.59320809863514e-05 1.00000000
15090065 90.8916087962963 0.0538789375654352 7.87280185924109e-05 1.00000000
15090066 90.9123611111111 0.0511846966073732 7.67044523633953e-05 1.00000000
15090067 90.9340972222222 0.0507134212614296 0.000140864989156666 1.00000000
15090068 90.9418055555556 0.053932215613663 0.0002814281070196 1.00000000
15091030 91.5789699074074 0.0513164262209073 0.000106220021807562 1.13452280
15091032 91.5945717592592 0.0543664749615339 8.55127434782762e-05 1.00000000
15091033 91.614224537037 0.050606642787705 8.06608532061032e-05 1.06937611
15091034 91.6394675925926 0.0578747926105167 9.0358961451198e-05 1.22695470
15091036 91.6560648148148 0.0528215897731847 6.58516989886341e-05 1.23172534
15091037 91.6783912037037 0.0532095991845115 6.6799568606126e-05 1.23078680
15091038 91.7004282407407 0.0522068138483027 7.16260295728192e-05 1.20382404
15091040 91.7219097222222 0.0510103156646505 6.8807156901489e-05 1.15060008
15091041 91.7431481481481 0.0532688657201196 7.04243888423062e-05 1.08792007
15091042 91.7647916666667 0.0504864460349446 6.72740498429617e-05 1.03830409
15091045 91.7921990740741 0.0546008959173084 7.46000957514244e-05 1.00000000
15091046 91.8146875 0.0500510726649059 6.10630851184862e-05 1.00000000
15092016 92.224525462963 0.0470294750771041 7.2155900393283e-05 1.29852808
15092017 92.2413078703704 0.0469324933813558 0.000109839907064345 1.22949874
15092018 92.250150462963 0.0532773225266454 7.29187944658079e-05 1.19243479
15093009 93.1900231481481 0.0485766257517238 0.000157169054986649 1.31407475
15093010 93.1977662037037 0.04716446518215 0.000139342855305403 1.27648544
15093011 93.2031597222222 0.0495318686400335 0.000350846277220432 1.25794399
15093012 93.2090046296296 0.04649680650012 0.000118579971795065 1.23185074
15093013 93.2166666666667 0.044301105776583 5.93530558287956e-05 1.20997608
15093015 93.2396064814815 0.0478243022774733 6.66706908013851e-05 1.12787199
15093016 93.2595717592592 0.0464226706318535 9.76470941498563e-05 1.07258141
15093017 93.2695833333333 0.048196197985379 6.79503748810961e-05 1.03963470
15093018 93.2904166666667 0.0480842905276165 0.000100526335614776 1.00000000
15093043 93.6663078703704 0.0502368038537806 5.86701282190599e-05 1.48661339
15093044 93.6885069444445 0.0521770121205928 6.53782739861617e-05 1.39076269
15093045 93.7091666666667 0.0516141521802009 6.65313855759646e-05 1.30518675
15093046 93.7296180555555 0.051985952526479 6.58026477553932e-05 1.21659195
15093048 93.7526157407407 0.0519550573099023 6.87387245811017e-05 1.13205338
15093049 93.7733217592593 0.0523558241341318 6.95545734718896e-05 1.05733871
15093050 93.7947569444444 0.0491616930069748 6.82014036455464e-05 1.00000000
15093051 93.8166319444445 0.0519599012788991 7.32199576399021e-05 1.00000000
15093052 93.8379398148148 0.0535669815505996 7.01295146827372e-05 1.00000000
15093053 93.8620023148148 0.0517533386509194 8.58931091343344e-05 1.00000000
15093054 93.8779976851852 0.0510159029351252 0.000132118302434469 1.00000000
15094010 94.1498263888889 0.0520803094565245 5.93158332585553e-05 1.44848001
15094011 94.1726967592592 0.0502220891415324 6.02765979603255e-05 1.38271201
15094012 94.1947685185185 0.0520854550572668 6.49375151325671e-05 1.26846135
15094013 94.2163194444444 0.0557254469070384 6.84322157170031e-05 1.20609331
15094014 94.2381134259259 0.0489377790861491 6.49613432312636e-05 1.14249063
15094015 94.2597337962963 0.0569574032306484 7.30377170089337e-05 1.06048274
15094016 94.2821064814815 0.0555637972317526 7.41130342474737e-05 1.00000000
15094017 94.3034953703704 0.0544224558929233 7.35508647615669e-05 1.00000000
15094019 94.3258564814815 0.0541852883019892 7.33533136593317e-05 1.00000000
15094020 94.3477777777778 0.058825517950214 8.93014088328781e-05 1.00000000
