15084002 84.0311805555556 0.0222631706028451 7.25116383629285e-05 2.36463618
15084003 84.0434375 0.0215133330573338 0.000237457505435332 2.01341987
15084004 84.0452893518518 0.0209277743062497 0.000233123543034326 1.97116196
15084005 84.0472569444444 0.0205520342994444 0.000256195237324868 1.93918812
15084006 84.0488541666667 0.0212029157935429 5.17249720947891e-05 1.90483201
15084007 84.069212962963 0.0216884852455635 5.39537196673264e-05 1.62525606
15084008 84.0907638888889 0.0218565304270171 5.71888811283759e-05 1.40921998
15084009 84.1122337962963 0.0207323744094971 5.74908733467922e-05 1.25994599
15084010 84.1338078703704 0.0210549564475801 6.02652486447411e-05 1.14687598
15084011 84.1565972222222 0.0217190158060428 6.10296903856668e-05 1.03502405
15084022 84.2810069444444 0.0213693716451056 8.45876705392457e-05 2.80040407
15084024 84.2914930555556 0.0206088472448169 7.52817049930584e-05 2.40622187
15084025 84.309837962963 0.0207043001182068 5.17350678949419e-05 1.95784807
15084027 84.3348611111111 0.0210410656646695 6.06166345493521e-05 1.63313401
15084028 84.3513657407407 0.0214528197409771 5.81692986009378e-05 1.49978411
15084029 84.37125 0.0211492141733002 5.72191030052841e-05 1.46298003
15084030 84.3902777777778 0.0203298450224405 0.000292499630614633 1.63184404
15084031 84.395625 0.0210971237024125 6.97300144801434e-05 1.68824995
15084032 84.4072337962963 0.0198025554406093 0.000225601012385871 1.83657598
15084033 84.4092708333333 0.0209982758823291 5.87329897951455e-05 1.84848607
15084034 84.4240625 0.0201625782805419 8.22758651791872e-05 1.91513395
15084036 84.4357175925926 0.0201982913865656 5.1044568731373e-05 1.99889994
15084037 84.4542824074074 0.0198858882162115 5.13601292634496e-05 2.11449003
15084038 84.4720486111111 0.0197992742899029 0.000132298288461704 2.14145994
15084039 84.4751851851852 0.0206184422735484 7.11057584429899e-05 2.15042400
15084040 84.4850694444444 0.0200563003431363 5.12874837314762e-05 2.14192820
15084052 84.6889583333333 0.021827777902132 8.50401550287203e-05 2.91915011
15084053 84.6945949074074 0.0214766678624077 0.000153230908436603 2.86821008
15084054 84.6965162037037 0.0213031866035008 6.94739107827875e-05 2.85991216
15084055 84.7089236111111 0.0204856606620254 8.01468419262182e-05 2.84566188
15084058 84.7212615740741 0.0214106124131933 7.43833328009475e-05 2.83679986
15084059 84.7286689814815 0.0201968330237469 4.11694280432492e-05 2.83575010
15084060 84.7495023148148 0.0207618306768781 0.000117598312014854 2.79666615
15084061 84.7531018518518 0.0207998957948949 0.000190148971837298 2.79452395
15084062 84.7553935185185 0.0206330856618605 0.000161282440990135 2.78907013
15084063 84.7576967592592 0.0204328666861228 4.53842590929214e-05 2.76734400
15084064 84.7826157407407 0.0204691556285548 6.54186755150349e-05 2.70965385
15084066 84.7958101851852 0.0210924703502279 4.48541888020489e-05 2.66344213
15084067 84.8171875 0.020798185110092 4.67093620569248e-05 2.47009802
15084068 84.8385069444444 0.0193804691083085 4.74372112901069e-05 2.30292606
15084069 84.8575694444444 0.0199107362266737 8.03366996943109e-05 2.21920800
15084070 84.8650347222222 0.0199435661463699 6.78237177190103e-05 2.21686816
15084090 84.9304050925926 0.0212218107057528 6.08466557812402e-05 3.06313801
15084091 84.9428935185185 0.0217266028211274 4.87068215270047e-05 2.91646814
15084092 84.9617476851852 0.0205955789267027 4.06615662811109e-05 2.87683201
15084093 84.9834722222222 0.0205907304668766 4.15684124616924e-05 2.84820628
15085001 85.0056018518518 0.0201119092730656 4.11790037558763e-05 2.78305817
15085002 85.0274421296296 0.0200075513588471 4.18935458251144e-05 2.68870211
15085003 85.0492824074074 0.02013137541418 4.2891624976483e-05 2.60557199
15085004 85.0709837962963 0.020075315981309 4.37680420719391e-05 2.53552818
15085005 85.0927199074074 0.0205062026566395 4.57888486728893e-05 2.33066392
15085006 85.1144560185185 0.0205398121446049 4.67178213537182e-05 2.21767187
15085007 85.1367939814815 0.0212203928216377 6.24798542397402e-05 2.11072206
15085008 85.1560532407407 0.0206878634628827 6.33836633319295e-05 2.00095820
15085010 85.175 0.0207077988840845 5.87388435594629e-05 1.81024206
15085012 85.1945486111111 0.0205969836798531 0.000109140541146996 1.84042192
15085013 85.2001157407407 0.0199544482178333 0.000106146635491328 1.81749606
15085014 85.2059837962963 0.0205408293920133 0.000109683742291565 1.77879596
15085015 85.2113888888889 0.0202576116877429 0.000108754782029951 1.75816190
15085016 85.2168634259259 0.0205308745240028 0.000110067670379656 1.76718593
15085017 85.2223958333333 0.0200267789747983 0.0001118296911487 1.73586595
15085018 85.2278356481481 0.0204409227718657 0.000110598611974526 1.71234012
15085019 85.2335648148148 0.0213968180051595 0.000116688985258656 1.64415598
15085020 85.2390277777778 0.0212644767708783 0.000116896318278404 1.61049604
15085021 85.244537037037 0.0198198425735918 6.75351709522817e-05 1.57988405
15085022 85.2592708333333 0.0201380255440827 5.9117945353357e-05 1.56765592
15085115 85.9864351851852 0.0210492324090871 3.74426933017525e-05 3.00508809
15086001 86.0099768518518 0.020695011304035 5.22578527930414e-05 2.85508204
15086003 86.0241898148148 0.020363040351799 4.28375704045539e-05 2.82770991
15086004 86.0436921296296 0.0204150027823088 6.79672640667845e-05 2.88465595
15086005 86.0518634259259 0.020702339230655 4.49398361510697e-05 2.83088994
15086006 86.0745833333333 0.0196300321256912 4.96830674444451e-05 2.61270595
15086007 86.0911805555556 0.0198099270372339 0.000102990696726553 2.56569600
15086009 86.0976388888889 0.0190397865444988 4.53851865344294e-05 2.58205819
15086010 86.1189699074074 0.0208938258689699 4.69130004051783e-05 2.36016011
15086011 86.1405787037037 0.0202825107674321 4.88202622570108e-05 2.23921824
15086012 86.1625 0.0197130920722833 4.97925290779279e-05 2.02372193
15086013 86.1843402777778 0.0198984770503465 4.4266911794025e-05 1.83810592
15086014 86.2202662037037 0.0197386490742948 7.36956817555304e-05 1.66856396
15086016 86.2338078703704 0.0204858269528561 6.23723804881274e-05 1.58998203
15086017 86.2558912037037 0.0195022998643087 5.5962964447343e-05 1.46694005
15086018 86.2767592592593 0.0204581345615503 6.20028062769835e-05 1.37389803
15086044 86.5321643518518 0.0220139989477808 0.000101742348115051 3.19482613
15086045 86.5360648148148 0.0219508595108422 0.000113418111146015 3.11341190
15086046 86.5402893518519 0.0207520462780798 4.66873837951964e-05 3.06594610
15086050 86.5600694444444 0.0208734539692681 8.56384736013629e-05 3.01018190
15086051 86.5661805555556 0.021051143424546 5.86879013046539e-05 2.84289622
15086054 86.5897685185185 0.018596565676798 4.5332221795334e-05 3.05837393
15086055 86.6055324074074 0.0199481883786989 5.1117369151205e-05 3.08104181
15086058 86.6250462962963 0.0199338238616639 5.3201553834261e-05 3.05071807
15086059 86.639837962963 0.0186634683180181 7.41910046853675e-05 3.07420802
15086060 86.6496875 0.0192095859324252 8.24630623743104e-05 2.83146000
15086061 86.6562847222222 0.0188442683527381 4.2285969435891e-05 2.97584987
15086062 86.6763078703704 0.019177911112973 4.31674091241379e-05 2.78030396
15086063 86.7009027777778 0.0195967864277756 4.48552221769111e-05 2.66183996
15086064 86.7215393518518 0.0186346271103264 4.33418458265843e-05 2.50071001
15086065 86.7445717592593 0.0187246070490534 9.62630130598778e-05 2.57548189
15086066 86.751400462963 0.0193672844380975 4.47729416488602e-05 2.63673615
15086067 86.7741203703704 0.0191239870413087 5.23653198982036e-05 1.90768802
15086068 86.7928819444444 0.0187123269699016 4.59766533425976e-05 2.37267613
15086069 86.8151388888889 0.0185250362618663 4.47583694962736e-05 1.43820608
15086072 86.8401157407407 0.0200661770479578 5.6566130577187e-05 1.67630398
15086073 86.8615625 0.019293437871612 6.15735062731671e-05 1.20783007
15086074 86.8804861111111 0.0199730106686506 5.32058820167394e-05 1.59560406
15086075 86.9022106481481 0.01909179232019 0.000120233376452642 1.51910400
15086076 86.9076157407407 0.0181995935759143 0.000277145545889321 1.50173402
15086077 86.9090740740741 0.019490796850922 6.24417365096912e-05 1.49788189
15086078 86.9257175925926 0.020164309474717 0.000203187766927563 1.46056807
15086079 86.9281018518518 0.0198169818971929 0.000110509534715113 1.45417798
15086082 86.9987731481481 0.0203907852888158 4.42613763617343e-05 3.59751010
15087001 87.0172685185185 0.0196862613865537 3.88720294510306e-05 3.35355020
15087002 87.0402893518519 0.0199647002161777 3.8034155971471e-05 3.36151195
15087004 87.0700925925926 0.0194931065936816 3.49940184828946e-05 3.31333804
15087005 87.0973726851852 0.0195323600282735 0.000252294790232809 3.02513409
15087006 87.1015046296296 0.0194962982873501 3.91190509900425e-05 3.01549196
15087007 87.126099537037 0.0188328368128112 3.86596185659103e-05 3.12595797
15087008 87.1500578703704 0.0193630411214406 4.08757742303381e-05 2.96645999
15087009 87.1744444444444 0.01838981720721 4.13137275683693e-05 2.76733184
15087010 87.1976388888889 0.019360599910555 4.63377312496438e-05 2.57597375
15087011 87.2197453703704 0.0196511955173122 0.000106855690075862 1.36597812
15087012 87.2261689814815 0.0192678192197185 4.89532548250224e-05 2.17271399
15087013 87.248287037037 0.0195483428832122 6.43246091823012e-05 1.95361185
15087016 87.2731365740741 0.0190381204257227 5.13731114638508e-05 1.73932803
15087017 87.2956828703704 0.0198073442445161 5.41275001980048e-05 1.53398407
15087018 87.3182986111111 0.0199016766647506 8.04734954739368e-05 1.37215805
15087019 87.3311574074074 0.0195566083427258 5.93584269489399e-05 1.25401807
15087020 87.3530324074074 0.0203969528208536 5.87948684833587e-05 1.10904002
15087021 87.3737384259259 0.0205331344945225 0.000113029016655456 1.25776803
15087022 87.3854398148148 0.0199473719774013 7.86452971716177e-05 1.25612402
15087036 87.5429282407407 0.0194798147356101 6.01219641417788e-05 3.84798002
15087037 87.5605324074074 0.0195907824372951 6.161010302031e-05 2.89619994
15087038 87.5841782407407 0.0192835691251243 3.87594440937889e-05 2.96848822
15087039 87.606875 0.018439825154503 3.63978303414113e-05 3.19063210
15087040 87.6303472222222 0.0184276546835571 3.69466435443908e-05 3.23950815
15087041 87.6517939814815 0.0175160557820362 3.61182318169901e-05 3.24513602
15087042 87.6731481481481 0.0190401441564847 3.82838200754704e-05 3.18746400
15087043 87.6959953703704 0.0193918022953626 5.87397810609843e-05 3.02554798
15087046 87.707650462963 0.0194085154592102 4.17760266226518e-05 2.95377636
15087047 87.7292824074074 0.0180352204266829 3.95833159991553e-05 2.72075367
15087049 87.7511921296296 0.0183464784627295 3.93911756159722e-05 2.99043608
15087050 87.7728935185185 0.0179083233325665 8.61943094823489e-05 2.78574014
15087052 87.7785185185185 0.0187052725335589 7.57856403047185e-05 2.85742807
15087055 87.8344791666667 0.0197118766601782 0.000103106410404583 1.78456187
15087056 87.8402083333333 0.0183230748404535 4.52637885686859e-05 1.80548406
15087057 87.8633449074074 0.0201772870463298 0.000137956381433257 1.86224413
15087058 87.8822337962963 0.0182927496307749 9.27941398539784e-05 1.97694612
15087059 87.8880324074074 0.0192022773321088 9.59000162671248e-05 1.98706198
15088003 88.0151851851852 0.0204769801605919 3.97914555484037e-05 3.87423015
15088004 88.0334606481482 0.0192075194821061 3.23298485921233e-05 4.48516226
15088005 88.0582291666667 0.0180600470777752 3.16041064739447e-05 5.07733774
15088006 88.0802430555556 0.0184564975782104 3.36662753904914e-05 4.68307209
15088007 88.1019791666667 0.0191294538035081 3.73920484377079e-05 3.72230411
15088008 88.1239699074074 0.0185097182507139 3.54361584480896e-05 3.03105617
15088013 88.1574074074074 0.0177266637057902 3.61198873489515e-05 2.63561392
15088014 88.1841666666667 0.019310366741127 4.4088896224413e-05 2.51031017
15088015 88.20625 0.019480229273061 4.56087544075149e-05 2.41049385
15088017 88.2288773148148 0.0187154918111961 4.4142027057903e-05 2.34856200
15088019 88.2507638888889 0.0194820106512934 4.50014189760124e-05 2.29619408
15088020 88.274375 0.0191808406523923 4.94791510228676e-05 1.96560001
15088037 88.5148726851852 0.0202587519718161 3.95252251728738e-05 4.59964228
15088039 88.5312384259259 0.0186868301218819 7.54831852488954e-05 4.69925404
15088041 88.540625 0.0183526089291351 6.52488541947226e-05 5.03217030
15088042 88.5461689814815 0.0196847206404164 2.95928454895853e-05 5.16994810
15088043 88.5693981481482 0.0181174659441041 6.16464558089919e-05 5.26531792
15088044 88.576712962963 0.0192523117591482 3.65011497109136e-05 5.06860209
15088048 88.6667361111111 0.0205607847333314 4.03600903752861e-05 4.18896627
15088057 88.7917824074074 0.0199669947358654 3.17683895986709e-05 4.35347366
15088058 88.8108217592593 0.0190587842055449 3.48302410711025e-05 4.65791368
15088059 88.8264814814815 0.0191000566508037 4.2187895748234e-05 5.10218382
15088060 88.8374305555556 0.0177657896235919 2.87351537898733e-05 5.28447628
15088061 88.8590740740741 0.018394819740314 3.18540513326473e-05 4.84702206
15088062 88.8807523148148 0.0192114812290676 4.15129101453062e-05 3.83494210
15088063 88.8987731481482 0.017819133651557 4.42798155879869e-05 3.08284211
15088064 88.9156134259259 0.0183672922919178 4.21372406234247e-05 2.53667378
15088066 88.9388194444444 0.0183620524596419 4.40442046759584e-05 2.36014795
15088067 88.9593171296296 0.0181075494299988 5.16735000553929e-05 2.32660198
15088068 88.9761111111111 0.0174714823125917 4.12742139141739e-05 2.40586805
15088069 88.9978125 0.0180588835540725 4.15450056694032e-05 2.57070017
15089002 89.0197222222222 0.0171283492547078 3.83018880474659e-05 2.40371394
15089004 89.0454398148148 0.017669490268814 4.40325119154776e-05 2.17750192
15089005 89.0674074074074 0.0172575343661756 4.46211580970802e-05 1.99920607
15089006 89.0890277777778 0.0174108418317244 4.62923534386512e-05 1.95172811
15089007 89.1107291666667 0.0173096900117487 4.57542573478148e-05 1.69410598
15089008 89.1347569444444 0.0170343226038811 4.48842136165642e-05 1.64739597
15089009 89.1592592592593 0.0178526534172347 4.19141594720319e-05 1.76715612
15089010 89.1875231481482 0.0174199296580755 8.16461710151765e-05 1.57958400
15089028 89.5335532407407 0.0178148953172838 5.30289804534507e-05 3.01528811
15089029 89.5455555555556 0.017874849061507 6.78682013398367e-05 2.99724603
15089030 89.5561689814815 0.0181369438975177 3.93254156407228e-05 2.92448401
15089031 89.5792592592592 0.0181331402987416 6.19648975505225e-05 2.54570389
15089032 89.5897685185185 0.0168962213419571 3.95613182218495e-05 2.41563010
15089033 89.6159722222222 0.0176110568003476 4.6257976045511e-05 2.11179614
15089034 89.6359143518519 0.0178080163049036 4.3977583994834e-05 2.12764812
15089036 89.6587152777778 0.0179891848515807 5.73796380415057e-05 2.37513614
15089037 89.672337962963 0.0190783077305128 4.44504649239616e-05 2.42271614
15089038 89.6939467592593 0.0186260594947829 6.0792295646881e-05 2.12440801
15089039 89.709212962963 0.0190251066786288 4.63183782066023e-05 1.99199998
15089040 89.7308796296296 0.0186640947329498 4.61596441700225e-05 1.98286200
15089041 89.7524421296296 0.0183092916097571 8.52590412451566e-05 1.85155201
15089042 89.7604398148148 0.018189694780584 4.81918255777427e-05 1.80381000
15089044 89.7836111111111 0.018925632163882 5.63726561861983e-05 1.53655195
15089045 89.8013194444444 0.0200617075616586 4.93456966267883e-05 1.51492202
15090008 90.1211805555556 0.0187639935979044 4.33016054155493e-05 2.99263191
15090010 90.1397106481482 0.0179271459852861 3.83930921487879e-05 2.84912395
15090053 90.6929166666667 0.0177905447404633 3.8413239110145e-05 3.22277403
15090054 90.7143518518519 0.0180240328835425 3.94400423957896e-05 2.93829012
15090056 90.7378472222222 0.0181708011353164 4.01814855841032e-05 2.79537606
15090057 90.7593287037037 0.0193678084615546 5.06418143460852e-05 2.67745209
15090058 90.7763310185185 0.0191088522916865 4.31128969342089e-05 2.57208014
15090059 90.7980208333333 0.0189795940593386 0.000151169985050186 2.50720191
15090060 90.8020138888889 0.0193924500959207 4.36784350936367e-05 2.49885607
15090062 90.8238078703704 0.0190393282307785 4.54349663656758e-05 2.32746601
15090063 90.8445138888889 0.0199807907702661 4.44726609212747e-05 2.19701385
15090064 90.8698611111111 0.0200567990073142 4.78286269625275e-05 1.95884395
15090065 90.8916087962963 0.0202406925962005 4.95526628763961e-05 1.92764997
15090066 90.9123611111111 0.0197172020738828 4.87715756450019e-05 1.85954404
15090067 90.9340972222222 0.0198312760273893 8.96757511103344e-05 1.75085402
15090068 90.9418055555556 0.0202110762488177 0.000177688281800574 1.00147200
15091030 91.5789699074074 0.0196693542697916 6.72393686387934e-05 2.55267620
15091032 91.5945717592592 0.0201373437421438 5.35797553696294e-05 2.13450599
15091033 91.614224537037 0.01956179265357 5.11381282051464e-05 2.40609598
15091034 91.6394675925926 0.0206795923297437 5.55366000838437e-05 2.76064825
15091036 91.6560648148148 0.0196793234977456 4.13172643580275e-05 2.77138186
15091037 91.6783912037037 0.019706126778573 4.17850098167355e-05 2.76926994
15091038 91.7004282407407 0.0196273774495932 4.53229312001713e-05 2.70860386
15091040 91.7219097222222 0.0193042860120263 4.34719518846972e-05 2.58885002
15091041 91.7431481481481 0.0197891258315407 4.40176168185216e-05 2.44781995
15091042 91.7647916666667 0.0192177252493473 4.2497260270325e-05 2.33618402
15091045 91.7921990740741 0.0201914138797958 4.65424778325641e-05 2.14335012
15091046 91.8146875 0.0193615355768588 3.89118448189421e-05 1.97866809
15092016 92.224525462963 0.0256137795179689 5.44607097957342e-05 2.92168784
15092017 92.2413078703704 0.0254049689432838 8.30246612084613e-05 2.76637197
15092018 92.250150462963 0.0271696706492171 5.3603061504657e-05 2.68297815
15093009 93.1900231481481 0.0193102509662337 6.78153930417147e-05 2.95666814
15093010 93.1977662037037 0.0188125264682576 9.09884844859405e-05 2.87209201
15093011 93.2031597222222 0.019453222096591 9.76993295811227e-05 2.83037376
15093012 93.2090046296296 0.0188922882357307 7.36525943817059e-05 2.77166390
15093013 93.2166666666667 0.0183867845022202 3.95373092345108e-05 2.72244596
15093015 93.2396064814815 0.0191381764790587 4.36753866745306e-05 2.53771186
15093016 93.2595717592592 0.0188549804031321 6.36616379100376e-05 2.41330814
15093017 93.2695833333333 0.0192514424329513 4.39093657573591e-05 2.33917809
15093018 93.2904166666667 0.0193170512226717 6.49177087632319e-05 2.19231009
15093043 93.6663078703704 0.019904152829673 3.81268385038386e-05 3.34488010
15093044 93.6885069444445 0.0203897183418854 4.19733508144772e-05 3.12921596
15093045 93.7091666666667 0.0203340542185902 4.26693471498552e-05 2.93666983
15093046 93.7296180555555 0.0203105369658314 4.22509823282476e-05 2.73733187
15093048 93.7526157407407 0.0202128401842254 4.39002017620847e-05 2.54712009
15093049 93.7733217592593 0.0203262197293417 4.42567281759629e-05 2.37901211
15093050 93.7947569444444 0.0197835760789342 4.38578984220695e-05 2.21609402
15093051 93.8166319444445 0.0205186583222799 4.69024874018337e-05 2.08569002
15093052 93.8379398148148 0.0208384531887627 4.47390096660443e-05 1.94940007
15093053 93.8620023148148 0.0204237022460557 5.5080558627871e-05 1.85319591
15093054 93.8779976851852 0.0203099556484318 8.53121892545229e-05 1.71852005
15094010 94.1498263888889 0.0200373865429774 3.78748265374019e-05 3.25907993
15094011 94.1726967592592 0.0196207653495049 3.86551852858977e-05 3.11110210
15094012 94.1947685185185 0.0199139737900331 4.12539123869075e-05 2.85403800
15094013 94.2163194444444 0.0207780066563159 4.28135937236057e-05 2.71371007
15094014 94.2381134259259 0.0195304269051347 4.20714252508626e-05 2.57060385
15094015 94.2597337962963 0.0209320274379054 4.53479744333774e-05 2.38608623
15094016 94.2821064814815 0.0208730620811959 4.65316116276886e-05 2.24750400
15094017 94.3034953703704 0.0206449902758233 4.61997952992201e-05 2.14221001
15094019 94.3258564814815 0.0206579378942468 4.62022936739925e-05 2.03672385
15094020 94.3477777777778 0.021466096950284 5.51245735953315e-05 1.90244401
15095020 95.3922685185185 0.0200246412796615 4.25678638342783e-05 2.40812993
15095021 95.4153356481481 0.0200997508631879 4.44808152327604e-05 2.32480812
15095022 95.4373032407407 0.0206043698076722 4.51708212554778e-05 2.19616795
15095023 95.4601273148148 0.0201541503347431 4.66095554989853e-05 2.07407999
15095024 95.4816898148148 0.0205488587161273 5.12677663036786e-05 2.02138805
15095025 95.503599537037 0.0212042488301823 4.96966289446997e-05 1.93584001
15095026 95.5252083333333 0.0207686455468532 4.98356713379163e-05 1.81995606
15095027 95.5468171296296 0.0205622362089809 5.98676538372432e-05 1.63470602
15095028 95.5624074074074 0.0208849558285892 6.26764897436979e-05 1.53153002
15096025 96.3340277777778 0.020740660623866 6.05439165053846e-05 2.39798999
15096026 96.3491898148148 0.0206986200222776 4.47964403236292e-05 2.32381797
15096027 96.3709143518519 0.0202520627834031 5.10005076116161e-05 2.19641995
15096028 96.3950578703704 0.0200843658593586 0.000101279921863086 2.05684805
15096029 96.407662037037 0.0202108492743767 4.5039581148343e-05 1.97285998
15096030 96.4305208333333 0.0210023804852517 4.60033427689847e-05 1.84379411
15096031 96.4547106481481 0.0198205722732358 4.79311650498755e-05 1.78680003
15096032 96.4764351851852 0.0202049503235254 6.35871598400493e-05 1.64350796
15097006 97.0579976851852 0.0190891569895261 4.32077602054509e-05 2.39200807
15097007 97.0800115740741 0.0196155737564186 4.33541422337717e-05 2.27478600
15097008 97.1040393518519 0.0196472579348511 4.43946309965359e-05 2.13182998
15097009 97.1267708333333 0.0196872318065789 8.50089916929625e-05 2.04918003
15097010 97.1336574074074 0.0198033177998332 4.55311239561873e-05 2.03151608
15097011 97.1553472222222 0.0198290835850439 4.65892563589906e-05 1.88617814
15097012 97.1773726851852 0.0196300748320935 4.70741544137749e-05 1.75136399
15097013 97.1992476851852 0.0193957100552386 4.94453756896329e-05 1.64620805
15097034 97.5685416666667 0.0194688984292166 4.07237977329782e-05 2.38180804
15097039 97.6284375 0.0195522029723273 7.54913109476991e-05 2.01265812
15097040 97.6378472222222 0.019811574132261 4.63590745736501e-05 1.95525599
15097041 97.660625 0.0195637225374511 4.65021564066236e-05 1.82538605
15097042 97.6837037037037 0.0193779669541906 4.87014169622122e-05 1.70204997
15097043 97.7053587962963 0.0193226699567754 5.24786263070753e-05 1.60290599
15097044 97.7251388888889 0.0200021512332289 5.14298524362278e-05 1.51580393
15097046 97.7480324074074 0.0198807350972235 5.4449001861326e-05 1.43156993
15097049 97.7745023148148 0.019720610198351 9.8765061718616e-05 1.32210004
15097050 97.7815046296296 0.0194772452535475 5.3948843903734e-05 1.32624006
15097051 97.803275462963 0.0204210311963861 8.81948205530091e-05 1.22311199
15097054 97.8168171296296 0.0198657460537004 5.71365405146518e-05 1.15973997
15097055 97.838125 0.0206803560426444 8.83662026672713e-05 1.10946000
15097056 97.8502546296296 0.0205345511534649 6.06734890017857e-05 1.07928598
15097057 97.8716550925926 0.0205500161185239 0.000103656868029489 1.01458204
15097059 97.8829513888889 0.0189873728553361 0.000646410502875529 1.00000000
15097061 97.8895833333333 0.01986625397472 6.19145617521871e-05 1.00000000
15097062 97.9113310185185 0.019933147142054 6.42209649205264e-05 1.00000000
15097063 97.9330671296296 0.0207015705095324 6.46950807812213e-05 1.00000000
15097064 97.9565162037037 0.0202867652519115 0.000117779183840024 1.00000000
15097065 97.9640046296296 0.0208329231977175 6.81519536621055e-05 1.00000000
15097066 97.9867013888889 0.0204562137250023 8.29380360640851e-05 1.00000000
15098001 98.005462962963 0.0204163625210862 9.17070859908504e-05 1.00000000
15098002 98.0199074074074 0.0208305560764151 0.000131689085210664 1.00000000
15098003 98.0270138888889 0.0204840586139453 7.03371608336096e-05 1.00000000
15098005 98.055787037037 0.0205337136039676 7.36197652301582e-05 1.00000000
15098029 98.4034837962963 0.0197269825706677 4.64229133593079e-05 2.36991000
15098035 98.4434259259259 0.0190877464285327 4.39225676087838e-05 2.19692397
15098036 98.4663194444444 0.0195561540377953 4.9042584227237e-05 1.95479405
15098037 98.4894675925926 0.0193483641429473 4.82904948151596e-05 1.85843396
15098038 98.5108449074074 0.0203244509991058 4.99919203416184e-05 1.72811997
15098039 98.5328935185185 0.0202863172121228 7.66918471956798e-05 1.45055997
15098042 98.5723958333333 0.0194478831310954 8.08899776089619e-05 1.38980412
15100031 100.373935185185 0.0202337784117667 0.000105336407753689 2.43012619
15100032 100.378310185185 0.0198673111917996 4.38841946198889e-05 2.36732388
15100033 100.400625 0.0215793168502067 7.68503682007936e-05 2.21747994
15100035 100.414409722222 0.0207750423111105 6.84852886067384e-05 2.04294014
15100036 100.425416666667 0.0205891409389651 4.74747888529686e-05 1.98815393
15100037 100.447106481481 0.0210164747968204 4.79672695808114e-05 1.85973012
15100038 100.46900462963 0.0209534385220612 4.7959029951276e-05 1.83004200
15100039 100.491493055556 0.0218790536536048 5.91282573680204e-05 1.73722196
15100040 100.512858796296 0.0200677228566865 0.000170442488299304 1.03339195
15100100 100.853344907407 0.021183827822807 0.000189059262889239 1.00000000
15100101 100.859328703704 0.0227279971522135 8.98075387291278e-05 1.00000000
15100102 100.88130787037 0.0215676854916635 0.000166962115994492 1.00000000
15100103 100.888032407407 0.0240144892900299 0.000230071678599048 1.00000000
15101014 101.294039351852 0.0183297992158095 4.3864772095484e-05 2.35854006
15101015 101.315659722222 0.0187987859735301 7.24265379509427e-05 2.21378994
15101016 101.324490740741 0.0190310439151365 4.68083401469026e-05 2.13694191
15101017 101.345856481481 0.0181276338031124 7.80591433416389e-05 1.98373806
15101018 101.355023148148 0.0182634351607108 4.63028400164971e-05 1.93761599
15101019 101.377025462963 0.0190350311262578 7.53461014792354e-05 1.80890417
15101020 101.390740740741 0.018607550909796 5.00031794715036e-05 1.74031794
15101021 101.413726851852 0.0191608314290534 5.00853347030279e-05 1.64773190
15101022 101.435775462963 0.0193650635965229 0.000140613967506406 1.56667185
15101023 101.440405092593 0.0191646392332379 5.25674200264765e-05 1.54951811
15102019 102.392303240741 0.0182422725786057 5.27277583658231e-05 2.28661203
15102020 102.41130787037 0.0192497459450617 4.64726462815999e-05 2.18349004
15102021 102.432824074074 0.0186320588918381 0.00354211177340719 2.00771403
15102022 102.433912037037 0.018984057654312 4.70587440319705e-05 2.01573610
15102023 102.455335648148 0.0199872228494076 5.79509779872894e-05 1.93852198
15102024 102.473240740741 0 0.00240350787114598 1.85875809
15102026 102.475173611111 0.018535373082046 5.31114139370855e-05 1.84118998
15102056 102.843391203704 0.01929660804897 4.61628664578533e-05 2.28291011
15102057 102.865798611111 0.0199180273982752 4.49140275408996e-05 2.15515804
15102058 102.890405092593 0.0193330060318564 4.95903737229464e-05 2.01550198
15102059 102.910520833333 0.0191964354475131 5.29555278360345e-05 1.88410807
15102060 102.9284375 0.0200409092670595 5.08455756087772e-05 1.79036999
15103024 103.466400462963 0.0179026843479569 4.50416632346523e-05 2.45150995
15103025 103.487824074074 0.0185086102730783 5.18301025544252e-05 2.24515820
15103026 103.504525462963 0.0188551536302781 7.6178437265745e-05 2.23925400
15103027 103.512476851852 0.0183639072423698 4.48837620200709e-05 2.19349813
15103028 103.533993055556 0.0181070022792114 4.48136836090769e-05 2.06006384
15103029 103.555625 0.0181477506857172 6.77964002818318e-05 1.89931810
15103030 103.566805555556 0.0178355801278947 4.8840284591299e-05 1.87465811
15103031 103.586284722222 0.019614553684142 5.50373139026285e-05 1.78993189
15103060 103.95025462963 0.0180918582541388 4.32991536823471e-05 2.42820001
15103062 103.973726851852 0.0177691756566248 4.84163707931926e-05 2.28463197
15103063 103.995601851852 0.0184261459478172 0.000139950721244227 2.14383602
15104016 104.313587962963 0 0.00284114511158345 1.57036197
15104017 104.314861111111 0.0195834961238106 5.00801449177293e-05 1.48053598
15104018 104.336493055556 0.0196088255601447 0.00335503297611752 1.56088805
15104019 104.337349537037 0.0188202055404778 4.89894797197562e-05 1.56844187
15104020 104.358738425926 0.0183353307704618 4.78309743823141e-05 1.60238409
15104021 104.380011574074 0.0195932486876464 4.97842448250275e-05 1.59507596
15104022 104.401377314815 0.0194438392125294 5.08244039963681e-05 1.55726409
15104023 104.422835648148 0.0203894296169776 5.12483255530721e-05 1.41875398
15104024 104.446388888889 0.0187794154968349 6.24936555561972e-05 1.30039203
15104066 104.919699074074 0.0202169844976591 4.77548953451612e-05 2.35235000
15104067 104.94119212963 0.0198650512918346 4.71015149600857e-05 2.17111993
15104068 104.962650462963 0.0201132265892427 0.000174288492255105 2.05757999
15104069 104.966388888889 0.0198847788573637 4.44684227914874e-05 1.99954998
15104070 104.991689814815 0.0195462077294557 4.68086984340305e-05 1.86053014
15105001 105.013923611111 0.0284936062062928 8.57686076462782e-05 1.73480999
15105002 105.029247685185 0.0204542869467248 4.65064173372025e-05 1.67684996
15105003 105.054143518519 0.020518646773523 4.91302194774111e-05 1.55512011
15105004 105.077118055556 0.0196512479145398 5.03463001772126e-05 1.36240995
15105005 105.099236111111 0.0203656863354716 5.11955509968785e-05 1.37473011
15105006 105.122037037037 0.0211817860702774 5.4547877187574e-05 1.27169001
15105008 105.146493055556 0.021586198062312 0.000116721826647887 1.17726004
15105023 105.410034722222 0.0203751799682829 4.60944067024741e-05 2.24896002
15105024 105.431469907407 0.0210741887621622 4.99519701682432e-05 2.14774013
15105025 105.455243055556 0.0203936690377041 5.32926932062353e-05 2.53637981
15105026 105.480810185185 0.020141601031984 4.84209412084727e-05 2.34908986
15105028 105.50318287037 0.0210430090309513 5.07338276251771e-05 2.13119984
15105029 105.525011574074 0.0203322989844297 7.92185247754599e-05 2.02877998
15105030 105.538900462963 0.0211504694064492 5.40614262547075e-05 1.92959988
15105031 105.561805555556 0.0211162750138852 6.74773216575951e-05 1.15136993
15105032 105.57943287037 0.0211602729819038 5.84958475498199e-05 1.42550993
15105033 105.600775462963 0.0216950132757182 0.000116973552720026 1.42982984
15105068 105.901944444444 0.0202884070005947 4.43271468604973e-05 2.94560981
15105070 105.924490740741 0.019896724180539 4.47236337898115e-05 2.76938987
15105071 105.946168981481 0.0203737345092912 4.57346365734006e-05 2.61935973
15105072 105.968101851852 0.0206339535786282 4.84104731258501e-05 2.47049999
15105073 105.989907407407 0.0200787301020501 4.81822271938768e-05 2.29797006
15106001 106.011331018519 0.0208984039099923 4.99677618737182e-05 2.15100002
15106002 106.033078703704 0.0199619399363752 5.06251456811489e-05 2.01032996
15106005 106.068541666667 0.020209201620282 6.56621644423179e-05 1.78523982
15106008 106.168865740741 0.0213782096855924 7.87642299403694e-05 1.38491988
15106009 106.181238425926 0.0209450860183468 5.88131075050386e-05 1.33127987
15106010 106.203009259259 0.0210219504694401 6.0282131338205e-05 1.27520990
15106011 106.224548611111 0.0216566741729456 7.11806530029273e-05 1.24577999
15107008 107.143518518519 0.023158506733409 4.61962963522296e-05 2.93219995
15107009 107.166111111111 0.0229880099054785 4.8349114516166e-05 2.71979976
15107010 107.187696759259 0.0229178477019613 4.75712308240537e-05 2.56095004
15107011 107.210081018519 0.0232333797835555 5.06497898562406e-05 2.39921999
15107012 107.231666666667 0.0220404860520459 5.45234855747975e-05 2.23442984
15107013 107.266215277778 0.022497904411384 5.96145990286126e-05 2.05775976
15107014 107.289212962963 0.0220458732180953 5.16872535018518e-05 1.92428982
15107015 107.310706018519 0.0219970133052158 0.000100881151531947 1.79775000
15107087 107.9378125 0.0196983417087738 4.24367748561367e-05 2.94803977
15107088 107.961886574074 0.0192283443667245 0.000100721613176453 2.82563996
15107089 107.966516203704 0.0204185721682157 4.62880706616708e-05 2.84733009
15107090 107.987951388889 0.019597684767257 4.56449234055346e-05 2.67290974
15108001 108.009733796296 0.0200762554376231 4.45539384572144e-05 2.60306978
15108016 108.383321759259 0.0198110636596693 4.31993871509953e-05 2.79152989
15108017 108.408159722222 0.0191346111766965 5.76026729831007e-05 2.62565970
15108018 108.422291666667 0.0195651660280743 0.000171009430155122 2.60927987
15108019 108.424247685185 0.0190062943617264 0.000204959419887109 2.60297966
15108020 108.425659722222 0.0195609569130211 0.000147053867024089 2.62754965
15108022 108.436759259259 0.019213856372473 4.43241307316021e-05 2.56580997
15108023 108.459108796296 0.0209228214090798 4.62881992250091e-05 2.52495003
15108024 108.482928240741 0.0205299816863825 4.86743870984821e-05 2.39723992
15108025 108.504201388889 0.0201818254784552 5.98899971558421e-05 2.13066006
15108027 108.519166666667 0.0207987150859473 5.08874935290033e-05 2.12327981
15108028 108.540219907407 0.0206573144049973 9.71389652952207e-05 2.03552985
15109006 109.085069444444 0.0201191809435827 4.49775748701858e-05 2.98160982
15109007 109.106574074074 0.0194276299345805 4.39078505155646e-05 2.86677003
15109008 109.128206018519 0.0205826078160875 4.58344902409645e-05 2.76884985
15109009 109.150844907407 0.0197161398511821 4.38596522340432e-05 2.62547970
15109010 109.174884259259 0.0199255732069575 4.71103285432999e-05 2.45222998
15109011 109.196122685185 0.0196229966188914 4.71534813055407e-05 2.40209985
15109012 109.217708333333 0.0204413742226542 4.97742343224055e-05 2.22272992
15109013 109.239189814815 0.0204556571151926 5.55174867270591e-05 2.18295002
15109038 109.656493055556 0.0200036709595163 5.60307034985865e-05 2.86136985
15109039 109.675324074074 0.0202050468506955 5.3546751827276e-05 2.83590007
15109040 109.694479166667 0.0184327300559373 0.000457806968577756 2.70161986
15109041 109.695532407407 0.0201923984259213 4.95461935639828e-05 2.71196985
15109042 109.71474537037 0.0205024838891873 0.000190086778213493 2.59433985
15109043 109.718078703704 0.0203952107108966 6.26690148519441e-05 2.52710986
15109045 109.732696759259 0.0203469186686928 0.000109152231994573 2.44250989
15109046 109.737696759259 0.0206417904570572 5.61171319701873e-05 2.43044972
15110008 110.093101851852 0.0195704514371504 4.55319587769314e-05 2.94056988
15110009 110.114861111111 0.0193210015129284 4.42442812475611e-05 2.84894991
15110010 110.136458333333 0.0196463625518962 4.56316329462278e-05 2.79711008
15110011 110.15849537037 0.0191724105412635 4.5106150722498e-05 2.66111994
15110012 110.180104166667 0.0202206384214068 4.59757876025276e-05 2.52629995
15110013 110.203298611111 0.0193510499848826 7.20948853582051e-05 2.39012980
15110031 110.57162037037 0.0199235706812999 4.95031417199053e-05 2.87172008
15110032 110.612094907407 0.0206347347411964 0.000973926864250189 2.49074984
15110033 110.614953703704 0.0190604091935305 4.52969508094396e-05 2.46230984
15110034 110.636157407407 0.0203145548869272 6.03663641992347e-05 2.27060986
15110035 110.651319444444 0.0201604671777638 7.25778877599967e-05 2.22776985
15112005 112.082650462963 0.0195310115845412 4.36850951076389e-05 2.81663990
15112006 112.104131944444 0.019720755897453 4.4962359935735e-05 2.58237004
15112007 112.125740740741 0.0200738682521922 0.000108878790924851 2.44763994
15112028 112.494583333333 0.0188829978074536 4.19756992031889e-05 3.01976991
15112029 112.516365740741 0.0200620325191601 4.58968121846856e-05 2.76957011
15112030 112.537766203704 0.0196198094702248 5.11734698694018e-05 2.68542004
15112031 112.558298611111 0.0200290331182774 5.02132887766358e-05 2.55465007
15113001 113.004976851852 0.0197532865287393 5.43568982919623e-05 2.80340981
15114053 114.888900462963 0.0195715210586215 4.35069447605852e-05 2.93381977
15114054 114.910590277778 0.0204369821515354 4.64626663484207e-05 2.85552001
15114055 114.932523148148 0.0201553114264103 4.58962340806491e-05 2.65194011
15114056 114.955416666667 0.0204957384021917 7.64832792922965e-05 2.63259006
15114057 114.966979166667 0.0207844234376229 5.40672322261149e-05 2.58111000
15114058 114.983761574074 0.0204928162470785 8.80864577539224e-05 2.48201990
15115085 115.925543981481 0.0194931065406367 4.31820755297356e-05 2.84381986
15115086 115.9471875 0.0203066737556835 4.51022724069983e-05 2.72439003
15115087 115.969027777778 0.0201670622281226 5.93072152935553e-05 2.59370995
15115088 115.982199074074 0.0196342743939597 0.000103538378318624 2.46878982
15116038 116.512326388889 0.0193400865127759 0.000203285272819262 2.92995000
15116039 116.515509259259 0.0201439205653417 4.45349898801185e-05 2.89880991
15116040 116.537002314815 0.0199825822460975 4.5882874350324e-05 2.72250009
15116041 116.558645833333 0.0193349478509935 4.47122690856174e-05 2.52503991
15116042 116.58025462963 0.0191743049921304 5.35034096437038e-05 2.44368005
15117003 117.037488425926 0.019438711490529 4.78872447944558e-05 2.82023978
15117004 117.055520833333 0.0197694087262756 4.89382040055665e-05 2.66219997
15117005 117.074398148148 0.0187009859225501 6.24388562191573e-05 2.41352987
15117066 117.780891203704 0.0181059074400291 3.93277055496081e-05 2.87379003
15117067 117.80369212963 0.0187484889296611 4.09895298978306e-05 2.92940974
15117068 117.826354166667 0.0193172069684034 4.24783188360218e-05 2.76389980
15117069 117.848703703704 0.0189659517406096 4.14515319323714e-05 2.62358975
15117070 117.872824074074 0.0190597514492477 4.4365402266411e-05 2.48508000
15118019 118.337523148148 0.0188380701072938 4.19170916222194e-05 2.99519992
15118020 118.359166666667 0.0182780585653074 4.15585056242149e-05 2.76596975
15118021 118.38068287037 0.0192380266852108 4.41624523875322e-05 2.59344006
15118022 118.402268518519 0.0196404797699199 4.54397020481649e-05 2.43044972
15118023 118.423831018519 0.0198993458577227 4.76424273096387e-05 2.28725982
15118024 118.445405092593 0.0195080922654418 6.89536766537995e-05 2.22174001
15119010 119.047106481481 0.0189495990032548 6.16713332282923e-05 2.90646005
15119011 119.059768518519 0.0189881249378364 4.25575818365037e-05 2.77019978
15119012 119.081840277778 0.0188200597991527 4.29659102593799e-05 2.64032984
15119013 119.103564814815 0.018879546855655 4.36067106053525e-05 2.53898978
15119014 119.12568287037 0.0196286358262791 4.69298480319453e-05 2.37824988
15119015 119.146990740741 0.0192248691091553 7.1866938849464e-05 2.29148984
15119035 119.565706018519 0.0192220015464323 4.07906844771788e-05 2.86406994
15119036 119.589525462963 0.0189927453742823 4.65593836373655e-05 2.68983006
15119065 119.989328703704 0.0194748757294553 4.2248570460662e-05 2.90105987
15120001 120.011469907407 0.0190998008589267 4.31242800954027e-05 2.70405006
15120002 120.032939814815 0.0192423722807957 4.41925887650811e-05 2.55266976
15120004 120.0575 0.0190776811298376 4.24305367804763e-05 2.42783999
15120005 120.081956018519 0.0197628402928251 4.4374514952852e-05 2.24792981
15120006 120.106111111111 0.018454507357003 4.61458315933011e-05 2.15081978
15120007 120.127453703704 0.0193832266807984 4.7301770309337e-05 2.00861979
15120008 120.149108796296 0.0200061755568217 4.94239149749796e-05 1.92158997
15120009 120.170659722222 0.0194403789666231 4.9410506585498e-05 1.81637990
15120011 120.227164351852 0.0199304929922468 7.34750862776883e-05 1.02600002
15121006 121.100115740741 0.0196037760701915 4.35969521596829e-05 2.87882996
15121007 121.121736111111 0.020187150530307 4.5584889544518e-05 2.73167992
15121008 121.14318287037 0.0201893211196632 4.40497088052763e-05 2.58281994
15121009 121.1678125 0.0202562975837798 4.66731971968691e-05 2.35754991
15121010 121.189606481481 0.0208874386502898 7.23560149385983e-05 2.27033997
15121012 121.205092592593 0.0201919495608518 4.79804579121787e-05 2.20445991
15121013 121.226643518519 0.0203743432013472 4.78030210012848e-05 2.07782984
15121015 121.251041666667 0.0208661327356697 5.62164394086884e-05 1.97540987
15121016 121.268657407407 0.0206851394061306 5.07121384888174e-05 1.86353993
15121017 121.290798611111 0.0211088712917627 5.27261315694063e-05 1.73015988
15121018 121.312986111111 0.0208909577405194 4.75024129004393e-05 1.62971997
15121062 121.771689814815 0.00186939179919968 0.00125164349504821 2.97665977
15121077 121.978865740741 0.0209508122978614 4.54225926611244e-05 2.94263983
15121078 122.000497685185 0.0204324737095317 4.38542147001448e-05 2.80691981
15122003 122.028043981481 0.0207965576942483 4.70096037622445e-05 2.59181976
15122004 122.050034722222 0.0211275926708792 4.91145682042194e-05 2.39552999
15122006 122.07337962963 0.0209818520643897 4.83300928135457e-05 2.25674987
15122008 122.099733796296 0.0208023937989202 4.95986262620285e-05 2.13695979
15122010 122.123148148148 0.021334308423093 5.18689409076782e-05 2.01086998
15122011 122.145208333333 0.0224580362163584 6.88323343021701e-05 1.90817988
15122042 122.565416666667 0.0193041234627427 3.44162057521209e-05 2.94543004
15122043 122.597638888889 0.0196092679296977 8.40134845372812e-05 2.41803002
15122044 122.605231481481 0.0194704824923763 4.05436888985594e-05 2.42693996
15122045 122.630729166667 0.0196031588349617 0.000104124080109799 2.45069981
15122049 122.689201388889 0.0194391554653221 9.09221264527646e-05 2.14469981
15123009 123.139988425926 0.0199052791357258 4.27975189369217e-05 2.88458991
15123010 123.165810185185 0.0205381895141943 4.47318370937641e-05 2.70810008
15123011 123.189525462963 0.0203321389388187 6.26398148485554e-05 2.56211972
15123027 123.580763888889 0.0195195918746905 3.87182097056287e-05 2.81528997
15123028 123.609965277778 0.0195605735825001 4.38284242430921e-05 2.55239987
15123033 123.651134259259 0.0204524512914819 0.000109329216755923 2.31650996
15123035 123.659143518519 0.019526858084292 4.76051990243114e-05 2.23199987
15123036 123.68099537037 0.019937382443813 4.56943908980501e-05 2.13947988
15123037 123.705740740741 0.0202264055375722 5.23311553159793e-05 2.04326987
15124005 124.097905092593 0.0196592392131924 6.2931434638604e-05 2.90384984
15124006 124.116215277778 0.0195797288208972 4.4252648622243e-05 2.81987977
15124007 124.137731481481 0.020602764964237 4.88019126314573e-05 2.61485982
15124008 124.157627314815 0.0203985167384824 4.55300035370321e-05 2.47490978
15124009 124.181898148148 0.0207576138899149 0.000161481684525253 2.05631995
15124010 124.187256944444 0.0200838861474075 9.70126232844268e-05 2.13902974
15124040 124.544895833333 0.0194631849464358 4.51139755938175e-05 2.83571982
15124041 124.566076388889 0.0196869787929878 3.89889953214014e-05 2.79495001
15124042 124.595694444444 0.0195105829707452 3.88123746453971e-05 2.55905986
15124043 124.626064814815 0.0198493893376197 4.79142007302878e-05 2.27493000
15124044 124.648414351852 0.0195230932367354 0.000113854572031295 2.21525979
15124063 124.997962962963 0.0201701414041739 4.45161375800444e-05 2.90654993
15125001 125.019675925926 0.0200329895298722 4.53501798164241e-05 2.72807980
15125002 125.041099537037 0.0205981929390062 4.78180533437298e-05 2.55689979
15125003 125.062048611111 0.0210504839989337 9.29177614388233e-05 2.36978984
15125004 125.069641203704 0.0201936377363007 0.000112640555050207 2.36924982
15125007 125.087025462963 0.021019656359035 5.76863597731203e-05 2.26259995
15126017 126.3115625 0.0196925512691813 4.45292288788943e-05 2.93624997
15126018 126.333136574074 0.0194629795200094 4.91471529627876e-05 2.75427008
15126019 126.355706018519 0.019565976583283 8.75710710731873e-05 2.53007984
15126020 126.361759259259 0.0189269252251397 0.000263406091413623 2.54042983
15126021 126.36474537037 0.0188153325867133 8.34861502394238e-05 2.49461985
15126022 126.371064814815 0.019576566556172 5.27586119679465e-05 2.47068000
15126023 126.390358796296 0.0200873994691803 4.92791769699346e-05 2.34197974
15126051 126.826284722222 0.0183793230676526 4.0042394866663e-05 2.91573000
15126052 126.849733796296 0.0187159601658623 3.92153076390197e-05 2.71115994
15126053 126.875520833333 0.0190380319780178 5.04677707764228e-05 2.53971004
15126054 126.892465277778 0.0190120960712122 7.83473611503641e-05 2.41586995
15127013 127.253414351852 0.0190424015587782 4.62999427614891e-05 2.90879965
15128029 128.504675925926 0.0190753507888166 3.5223944716058e-05 2.87576985
15128030 128.537199074074 0.0187488599803776 7.64077001371866e-05 2.73564005
15128031 128.544895833333 0.0188707535176611 6.53847266828231e-05 2.66066980
15128032 128.557511574074 0.019581866033296 3.69872367357068e-05 2.58947992
15128033 128.590069444444 0.0186864238309937 5.24668014137817e-05 2.39633989
15129009 129.197673611111 0.0183369433235881 4.17416653695201e-05 2.98817992
15129010 129.219351851852 0.0188775186705855 4.26594317904161e-05 2.77784967
15129011 129.242662037037 0.0185941299645228 4.72991360119242e-05 2.67407990
15129012 129.26462962963 0.0189236526260548 3.84332786687332e-05 1.91114986
15129013 129.296539351852 0.0190681576509077 3.7345311071752e-05 2.30463004
15129014 129.328634259259 0.0185320077160288 7.09309965794025e-05 2.24243999
15129015 129.338368055556 0.018223045528401 3.92980689106573e-05 2.19203997
15129016 129.367418981482 0.0192160210045353 4.0703342666643e-05 2.07900000
15129017 129.398078703704 0.0194766934060291 6.17217443923854e-05 1.85471988
15129018 129.412430555556 0.018033951024054 4.39416860423188e-05 1.83239985
15129022 129.439722222222 0.0195754732550431 8.07481986971743e-05 1.74941981
15130007 130.118414351852 0.0191332793150526 4.26329729600853e-05 2.96162987
15130008 130.139861111111 0.0193253117419774 4.34175589034364e-05 2.83265996
15130009 130.161631944444 0.0189730445376997 4.42115819947789e-05 2.72726989
15130011 130.184050925926 0.0189282387440714 5.46021349671024e-05 2.59082985
15130045 130.819814814815 0.018324042389384 3.51129982801423e-05 2.93489981
15130046 130.849074074074 0.0190087629420305 3.71243348186353e-05 2.59569001
15130047 130.878287037037 0.0182434663064407 3.46455517759096e-05 2.41676998
15130048 130.912280092593 0.0196910407094344 8.57219813276008e-05 2.20950007
15131012 131.247372685185 0.0185080855866941 4.3087476859022e-05 2.79575992
15131013 131.268831018519 0.018929196715631 3.68747012506531e-05 2.59244990
15131014 131.301076388889 0.0189749927017844 6.28918323112535e-05 2.40066004
15131050 131.8778125 0.0164498436815714 3.415772390362e-05 2.85758996
15131051 131.906296296296 0.0171721377599407 4.02772451615047e-05 2.67659998
15131052 131.928969907407 0.0176139125863762 3.81123540327091e-05 2.45933986
15131053 131.957615740741 0.0185072309196709 8.98216394383209e-05 2.22848988
15132019 132.35619212963 0.0162418034746135 3.22040015760731e-05 2.85974979
15132035 132.865474537037 0.0182144877903268 3.63104039531173e-05 2.90052009
15132036 132.893958333333 0.0184261771657512 3.96576480046026e-05 2.66228962
15132037 132.919039351852 0.0182568917012762 3.65960778981953e-05 2.51387978
15132038 132.949189814815 0.017913141959193 6.12513538654234e-05 2.33243990
15133018 133.353194444444 0.0175172408675511 4.02296569721676e-05 2.93201995
15133019 133.374456018519 0.0175547774170331 4.03228042005585e-05 2.76452994
15133020 133.396724537037 0.0172531110225934 5.25338600647561e-05 2.60171986
15133021 133.410115740741 0.0178386601029491 3.54181593373819e-05 2.55401993
15134008 134.186631944444 0.0176505389390303 4.15400347160813e-05 2.81141996
15134009 134.207349537037 0.0185625177449672 4.21039377703209e-05 2.63564992
15134010 134.229074074074 0.0176023394696528 5.95468772166392e-05 2.49443984
15136013 136.267118055556 0.0178377455610508 4.08237589728955e-05 2.84786987
15136014 136.289282407407 0.0182859508191504 4.51655988572293e-05 2.71763968
15136015 136.308773148148 0.0184800054262203 4.36583236325699e-05 2.60153985
15136016 136.330636574074 0.0187538436317948 4.11063445822486e-05 2.43350983
15136017 136.356423611111 0.0182617411725634 5.205243870692e-05 2.30264974
15137038 137.724456018519 0.0190784859819918 4.2693071372988e-05 2.84633994
15137039 137.746111111111 0.0197736280474574 6.10540350010666e-05 2.67335987
15138072 138.908275462963 0.0198836827779016 4.51782494183255e-05 2.91716981
15138074 138.958009259259 0.0210042071592003 6.3926093047983e-05 2.50163984
15138075 138.970185185185 0.0209233567215595 4.05802641136203e-05 2.46159005
15139023 139.560196759259 0.0198956748113578 4.38655995379594e-05 2.98439980
15139024 139.583252314815 0.0193576226737861 3.89483945667067e-05 2.39858985
15139025 139.611944444444 0.0190234400334671 3.69786812283344e-05 2.57687998
15139026 139.643171296296 0.0203242950085004 3.89665338263041e-05 2.31534004
15140004 140.05443287037 0.0201775004664742 4.42265942674841e-05 2.69577003
15140005 140.077199074074 0.0203425388672647 4.42972049923752e-05 2.62475991
15140006 140.100196759259 0.0207226903969877 4.66789267506671e-05 2.45834994
15140007 140.122118055556 0.0202030021313635 5.03565539815846e-05 2.28851986
15140029 140.495335648148 0.0195288694706313 4.32832763958225e-05 2.86460996
15140030 140.517337962963 0.0200986430591614 3.85359455875343e-05 2.71223998
15140031 140.547430555556 0.0203334810133791 4.66849622193167e-05 2.52728987
15140032 140.569236111111 0.0199201447430455 4.68027616851287e-05 2.40066004
15140034 140.606539351852 0.0204580157553984 4.90908351834869e-05 2.18943000
15140035 140.629398148148 0.0200110048911949 7.63473144901561e-05 2.05676985
15140036 140.640289351852 0.0207242841780401 5.76873972921792e-05 1.96226990
15140037 140.657175925926 0.0207180207838176 4.74066644793979e-05 1.90322995
15141004 141.074803240741 0.0199906089032116 4.3877373116412e-05 2.77046990
15141006 141.098819444444 0.0197855815794414 4.43411303004124e-05 2.55698991
15141007 141.120648148148 0.0194765736457748 4.3809912982274e-05 2.50389004
15141009 141.144756944444 0.0200457375532557 4.7120233727558e-05 2.31083989
15141010 141.166666666667 0.0201995248757783 4.80862154203146e-05 2.17061996
15141011 141.188460648148 0.020606834490109 5.35388358986448e-05 2.06163001
15141012 141.2525 0.0203485684743704 0.000123711746714908 1.00000000
15141013 141.257534722222 0.0207489900753888 6.29349726602266e-05 1.72700989
15142021 142.325868055556 0.0204433909671409 4.54929066667725e-05 2.72114992
15142022 142.347858796296 0.0194987958056555 5.45698100807717e-05 2.58335996
15142025 142.366539351852 0.0198116273061333 0.000111889785756542 2.42945981
15143037 143.644398148148 0.0194022913632454 4.33089277321399e-05 2.74670982
15143038 143.666550925926 0.019643455173619 5.60504358545762e-05 2.56427979
15143039 143.6821875 0.0201485966836223 4.75764483611154e-05 1.92419994
15143040 143.707013888889 0.0203277592264182 4.13348431091213e-05 2.06271005
15143041 143.738912037037 0.0197245749724033 4.18312545331653e-05 2.03570986
15144013 144.236423611111 0.0194473025164949 4.3168308195112e-05 2.89799976
15144014 144.258263888889 0.0204165317785719 4.60834412881558e-05 2.70386982
15144015 144.280162037037 0.0199841499758227 4.53340880915228e-05 2.61953974
15144017 144.303321759259 0.020303183949173 5.76394494796783e-05 2.40857983
15144018 144.318368055556 0.0201690280340584 8.24524748721472e-05 2.29320002
15144054 144.694386574074 0.0194862782754783 3.69420233548306e-05 2.95613980
15144055 144.724583333333 0.0196850920880034 4.14766576849739e-05 2.49228001
15144056 144.750891203704 0.0194406893032734 6.6925457490375e-05 2.52495003
15144058 144.762361111111 0.0203668400418846 5.03601195415189e-05 2.41172981
15144060 144.782314814815 0.0197061540043655 5.94297117670332e-05 2.26169991
15145022 145.378310185185 0.0193920109684355 4.3340415297658e-05 2.92401004
15145023 145.40068287037 0.0185519706386265 4.26882239977483e-05 2.80106997
15145024 145.422858796296 0.0194822491826781 4.4598370236464e-05 2.67651010
15146020 146.217199074074 0.0191097797139026 4.35559299596109e-05 2.72834992
15146023 146.244560185185 0.0198213386172437 4.58258783863279e-05 2.48606992
15146025 146.269085648148 0.0203009177315128 4.37903397782064e-05 2.31569982
15146026 146.295555555556 0.0196876620940921 0.000137628721076126 2.20122004
15150059 150.607060185185 0.0195960491198812 4.35677561040067e-05 2.80655980
15150060 150.629189814815 0.0196017375488657 4.33047817116475e-05 2.67030001
15150061 150.651805555556 0.0191157129802569 4.49669443903018e-05 2.57228994
15150063 150.683171296296 0.0200145058212801 8.87854929212109e-05 2.42261982
15150064 150.690648148148 0.0200646134040073 6.2022355523532e-05 2.38004994
15151019 151.304328703704 0.0195541640881867 4.27244003898605e-05 2.77766991
15151020 151.327708333333 0.0194595618854831 4.38204840307938e-05 2.67902994
15151021 151.35025462963 0.0189490932518659 6.16928184486479e-05 2.49984002
15151022 151.362025462963 0.0195106789801479 5.70703188410621e-05 2.44403982
15151023 151.376493055556 0.019470786787238 4.44344124669413e-05 2.34881997
15151024 151.400104166667 0.0194267531146695 6.81851225201858e-05 2.19149995
15151050 151.787233796296 0.018854186369061 0.000105228865174028 2.85002995
15151051 151.791261574074 0.0185666632057422 0.000113219522066627 2.84165978
15151052 151.795960648148 0.0199359900353045 4.47694015527093e-05 2.84849977
15151053 151.817569444444 0.0203705344982724 4.6792600753862e-05 2.57570982
15151054 151.839131944444 0.0193039255975876 4.57692424277174e-05 2.49236989
15151055 151.860625 0.020198465532013 4.90317242150744e-05 2.34584999
15151056 151.881168981481 0.0190085118021904 4.51479612808706e-05 2.16710973
15152015 152.301689814815 0.0195241678447502 4.41285731332039e-05 2.85713983
15152016 152.322974537037 0.0200779179160946 4.5373841526005e-05 2.68434000
15152017 152.344502314815 0.0201779765669287 4.66458930780605e-05 2.59065008
15152018 152.366134259259 0.0198024477994797 5.56238145892079e-05 2.41803002
15152020 152.384826388889 0.0193320739083683 5.67790541428504e-05 2.33325005
15152050 152.799236111111 0.0193973895389135 4.31415145300838e-05 2.86001992
15152051 152.821145833333 0.0192626456032266 6.95980032148605e-05 2.68730998
15152052 152.830381944444 0.0190602995504821 4.29548540124995e-05 2.60414982
15152053 152.852847222222 0.020126451311034 4.74148180311243e-05 2.45474982
15152054 152.873391203704 0.0196623237754343 4.0536277301845e-05 2.32172990
15153014 153.268483796296 0.0195312755925021 4.31134925908655e-05 2.90330982
15153015 153.29025462963 0.0192237484663488 4.23819275571563e-05 2.73635983
15153017 153.315185185185 0.0191086865504081 4.41732468602656e-05 2.58092976
15153018 153.336712962963 0.0190106254948004 4.42605234765999e-05 2.37788987
15153019 153.359074074074 0.0194721768249791 5.24181895982952e-05 2.17007995
15153022 153.379699074074 0.0197677386275213 7.03542044992804e-05 2.14298987
15153052 153.853912037037 0.0183219366649467 4.15942509668401e-05 2.95901966
15153053 153.875821759259 0.0191296767213054 4.34400811799164e-05 2.81186986
15153054 153.897581018519 0.0188242244135331 4.37185694156339e-05 2.66381979
15153055 153.919444444444 0.0185677896921173 4.48675888425291e-05 2.50892997
15153056 153.940613425926 0.0198080398520202 4.70854382240587e-05 2.42036986
15153057 153.962662037037 0.019330764597312 4.67340025817776e-05 2.24612999
15153058 153.984849537037 0.0196984997324167 3.91572189020394e-05 2.16827989
15154001 154.018263888889 0.0197200961619 4.55268148552257e-05 2.00519991
15154002 154.044293981481 0.0194015151042164 5.81737684637598e-05 1.88063991
15154003 154.061030092593 0.0202451802814902 6.18285591711715e-05 1.77497983
15154021 154.494074074074 0.0193851850978051 4.85535015799994e-05 2.56166983
15154022 154.513113425926 0.0196862439223685 4.50518799914452e-05 2.46788979
15154023 154.535509259259 0.0199779665611886 4.861189022844e-05 2.40371990
15154024 154.555752314815 0.0202252757943391 6.09056780665878e-05 2.30480981
15156019 156.333530092593 0.0187814178183635 4.25171057656567e-05 2.89034963
15156020 156.355671296296 0.0193530499499453 4.48239856118329e-05 2.73572993
15156021 156.377256944444 0.0189180210600626 4.51908987582969e-05 2.58182979
15156022 156.398935185185 0.0195734619794021 4.7361064041486e-05 2.41694999
15156023 156.420324074074 0.0193734880811286 6.47831884200931e-05 2.31993008
15156024 156.434398148148 0.0189771395416923 6.68702525856763e-05 2.26277995
15157022 157.432280092593 0.0195736063189811 8.56637620847691e-05 2.86641002
15157023 157.437928240741 0.0199972117557838 4.17735111553936e-05 2.81087971
15157024 157.460914351852 0.0197670402821915 4.26547228021523e-05 2.56589985
15157025 157.483078703704 0.0194270779375174 4.32807866898614e-05 2.47184992
15157028 157.510034722222 0.0198357504357859 4.41251095433194e-05 2.66336966
15157029 157.531678240741 0.0202073475338331 5.22190522420373e-05 2.16440988
15157059 157.946574074074 0.018930441160332 4.23852466202572e-05 2.99681973
15157060 157.967743055556 0.0192538374771545 3.59299601975155e-05 2.86163998
15157061 157.999212962963 0.0200065039891638 3.76859897304699e-05 2.64150000
15158001 158.030844907407 0.0205737925172313 6.64463335874036e-05 2.42820001
15158039 158.519699074074 0.0197988543581877 4.23378015111286e-05 2.88971996
15158040 158.542592592593 0.0194810746801794 4.49432210239364e-05 2.76623988
15159005 159.105775462963 0.0195979007927864 4.36319758848022e-05 2.91527987
15159006 159.127037037037 0.0197143398990175 4.40792239587983e-05 2.84867978
15159007 159.148287037037 0.0199658674129 4.48712501326204e-05 2.73500967
15159008 159.169965277778 0.0203072538808332 4.11782792007397e-05 2.65778995
15159009 159.19724537037 0.019933852984839 3.54380380863735e-05 2.44719005
15159031 159.594363425926 0.0204383753546064 4.51755778372037e-05 2.77406979
15159032 159.615798611111 0.0198958192764256 4.35477642141033e-05 2.65590000
15159033 159.638738425926 0.019798031665181 4.55485170403134e-05 2.48102999
15159034 159.660381944444 0.0197119877600013 4.44942331641073e-05 2.35575008
15159035 159.68380787037 0.0197673287438023 4.67242775730723e-05 2.19059992
15159036 159.706296296296 0.0206605592086978 4.85322609911097e-05 2.13407993
15160004 160.116111111111 0.0203793228242424 3.63987127580871e-05 2.93255973
15160005 160.148125 0.0196484485564363 5.65223249738428e-05 2.68919992
15160006 160.163587962963 0.0204602357895964 4.53143166313611e-05 2.63303995
15160007 160.186666666667 0.0207807233263264 4.30488134579252e-05 2.49551988
15160042 160.798009259259 0.0201537788487699 4.3828054151353e-05 2.98952961
15160043 160.820868055556 0.0199271912820113 4.60632968847641e-05 2.74985981
15160044 160.84212962963 0.0192311032663635 4.4472031074049e-05 2.64437985
15160045 160.863831018519 0.0196447831732581 4.56340245884204e-05 2.54303980
15160046 160.885960648148 0.0195296875179625 4.8136720340243e-05 2.25233984
15160047 160.907835648148 0.0204255129997177 4.82302953541734e-05 2.22668982
15160048 160.930451388889 0.0199669951132521 6.78760022985401e-05 2.07863998
15161016 161.326701388889 0.0194220979926114 4.45055351119063e-05 2.91311979
15161017 161.34880787037 0.0197102035386617 9.48748365686259e-05 2.75561976
15161018 161.355069444444 0.0203024754795145 4.6224549679906e-05 2.68470001
15161019 161.377094907407 0.0199190979945586 4.54676788832249e-05 2.55428982
15161020 161.399537037037 0.0196579038827378 7.64286192515696e-05 2.42154002
15161021 161.408449074074 0.0200337768847344 4.59024425735945e-05 2.42451000
15161022 161.431481481481 0.0204656345501572 0.000118506404658655 2.23730993
15161068 161.909930555556 0.0205169544550036 5.07426897120836e-05 2.28023982
15161069 161.930358796296 0.0207175596289103 5.30452462765748e-05 2.20661998
15161070 161.95224537037 0.0207304163476656 4.82641324016624e-05 2.06927991
15161071 161.973738425926 0.0205266142974575 4.68762138715342e-05 1.98170996
15161072 161.996319444444 0.0206472951474086 5.02117565721892e-05 1.88585997
15162001 162.017974537037 0.0210952455156586 6.23116838565893e-05 1.67795992
15162027 162.569976851852 0.01905236305535 4.32229050186802e-05 2.77514982
15162028 162.592060185185 0.0198813605793769 4.84594610127635e-05 2.53097987
15162029 162.612662037037 0.0194320786326832 4.59582190469682e-05 2.40012002
15162030 162.634201388889 0.0197518440556657 4.80663926676424e-05 2.29067993
15162031 162.654861111111 0.0199333800050417 0.000104537475827597 2.16179991
15162032 162.660196759259 0.0196799012240731 4.81919089131816e-05 2.17151999
15163006 163.097002314815 0.0191196194881237 4.49233873270926e-05 3.05594993
15163007 163.11869212963 0.0188291584981668 4.42753205319817e-05 2.84480977
15163008 163.140289351852 0.0195663777214544 4.57547332095461e-05 2.70368981
15163009 163.16193287037 0.0193544631862655 4.53302589895843e-05 2.55896997
15163010 163.183796296296 0.0192004478715111 4.49348331543499e-05 2.39822984
15164002 164.029085648148 0.0181327557949672 3.94469574642922e-05 3.65758395
15164003 164.050891203704 0.0183816932831738 4.11428008353195e-05 3.68502378
15164004 164.071539351852 0.0188502509118635 4.06730110817283e-05 3.44791985
15164005 164.094328703704 0.0185161909069714 3.89200829235489e-05 3.17228794
15164006 164.11775462963 0.0189137282141123 4.33072689185022e-05 2.99711967
15164007 164.139606481481 0.0183516807339916 4.33085403010247e-05 2.73548794
15164008 164.161469907407 0.0180764295093288 4.12380251259093e-05 2.67332792
15164009 164.184664351852 0.0184560325456102 4.39045891039732e-05 2.52649593
15164049 164.702291666667 0.0187301403566517 4.03030100190699e-05 5.93898630
15165040 165.665277777778 0.0196432941016947 3.96389764333838e-05 6.16391945
15165041 165.686539351852 0.0199039062598235 4.15309419695334e-05 5.73365307
15165042 165.708020833333 0.0190007592471103 4.00060360947669e-05 5.41071987
15165043 165.729722222222 0.0196687876937367 4.00452293877454e-05 5.10981274
15165044 165.753854166667 0.0207359488461411 5.9250937751877e-05 4.79938650
15165045 165.767199074074 0.0196336514715632 9.53927471887015e-05 4.66610670
15165046 165.772314814815 0.0196551496565263 4.55154285259452e-05 4.66106653
15165047 165.79369212963 0.0203079231081994 7.71313138905256e-05 4.33048010
15166010 166.152233796296 0.0193762177592834 3.76842057598915e-05 6.44858646
15166011 166.173831018519 0.0199095943334236 4.44378397798345e-05 5.94664001
15166014 166.206631944444 0.0198855691148055 4.02255691359688e-05 5.29442644
15166015 166.228587962963 0.0197221700993601 3.91154586777106e-05 5.04559994
15166016 166.2525 0.018983946375577 4.15237290959949e-05 4.63623953
15166017 166.273726851852 0.019787032338523 4.46705207495437e-05 4.55037355
15166040 166.670034722222 0.0195882382735515 3.93586875006773e-05 5.70696020
15166041 166.692384259259 0.018919601264613 3.85341592680873e-05 5.33903980
15166042 166.714907407407 0.0261251068143492 7.37474417132311e-05 5.02600002
15166043 166.728090277778 0.0198572088169827 4.14240554051203e-05 4.92930651
15166044 166.75005787037 0.019659800919559 4.22310539577078e-05 4.53226662
15166045 166.771296296296 0.0191245818595698 0.000139701256678732 4.34746647
15166046 166.773900462963 0.0198465236423131 0.000101447365042595 4.32189322
15166047 166.778564814815 0.0190657750250399 5.41499063342498e-05 4.21773338
