15153036 153.5675 0.173929775899534 0.000190614844109026 9.70617580
15153037 153.589768518519 0.173675764350743 0.000195971296210887 9.52747154
15153038 153.611493055556 0.187102671039973 0.000309877665817458 8.90999985
15154007 154.119664351852 0.169674219847111 0.000151918436608854 8.42846394
15154008 154.150428240741 0.167305298458726 0.000251526702795803 9.56534386
15154009 154.162476851852 0.16818623209683 0.00018688458750251 9.81359959
15154010 154.1846875 0.182006239985572 0.00020951845437143 9.77328014
15154011 154.205752314815 0.173983826940851 0.00019310177066766 9.11476803
15155004 155.10474537037 0.161911984530687 0.000281181999757023 8.90553570
15155005 155.113842592593 0.167118531622388 0.000176980764484265 9.14097595
15155006 155.136446759259 0.167773437943428 0.000153058394809936 9.82713604
15155007 155.168668981481 0.171902618878787 0.000158785688587925 9.75527954
15155008 155.201180555556 0.175664887668951 0.000201417108183435 8.82215977
15155009 155.223275462963 0.180587773808299 0.000510349749351905 8.26876736
15156001 156.012210648148 0.173280178433895 0.000154342309815844 9.42191982
15156002 156.046481481481 0.168674891120534 0.000156394122847131 9.76996803
15156003 156.078761574074 0.183899834577945 0.000177728515830365 9.17855930
15156004 156.109189814815 0.185691922754505 0.00024314851699882 8.32320023
15156010 156.153425925926 0.18758717223237 0.000229252839994664 5.60462379
15156011 156.181458333333 0.189157360585623 0.000295171952479861 5.74689579
15156014 156.216053240741 0.171524907457041 0.00024656484409599 5.61815977
15156039 156.871990740741 0.171043500945798 0.000429008607478147 9.77544022
15156040 156.876516203704 0.170505138698123 0.000177441818127437 9.39628792
15156041 156.898483796296 0.163383430413649 0.00018021270596904 9.97790432
15156042 156.920185185185 0.170386447071861 0.00019073390330171 10.38743973
15157004 157.080381944444 0.153092537701984 0.000173619145128486 9.47059250
15157005 157.100474537037 0.168725712338426 0.000697644639459566 9.91828823
15157006 157.107905092593 0.17497682619443 0.000156254879143934 10.16049576
15157007 157.140393518518 0.175343730088344 0.000212023158172278 10.22198391
15157009 157.161435185185 0.188192817969311 0.000184091027303713 9.70099163
15157034 157.586041666667 0.169256328631688 0.000272367928716096 10.34539223
15157039 157.610474537037 0.169828146233272 0.000274452057108657 8.49931240
15157045 157.631458333333 0.18581284354801 0.00019613368188391 13.02552032
15157046 157.654502314815 0.179618300270705 0.000204151585942987 9.62495995
15157047 157.676006944444 0.186227379125776 0.000178754425168651 8.81999969
15158024 158.182094907407 0.176976686246253 0.000176218465478145 9.38332748
15158025 158.205358796296 0.169216211080658 0.000150430976259697 9.88732815
15158026 158.238449074074 0.179476871142554 0.000164167841383378 10.23897552
15158027 158.270613425926 0.165890377853925 0.000183810260087331 9.55756760
15158057 158.778425925926 0.157286087057917 0.000165059896592649 9.38001633
15158058 158.799907407407 0.167622348969774 0.000178450941819411 9.41371155
15158059 158.822453703704 0.169160128600506 0.000186986188863166 9.88603210
15158060 158.844479166667 0.174670905629412 0.000199437866739423 9.70286369
15158061 158.86587962963 0.188679712202138 0.000192622931819914 9.05587196
15159016 159.2725 0.172067151376254 0.000161450603835034 10.92398453
15159017 159.298773148148 0.170751207616797 0.000184461548469172 12.51604748
15159018 159.320243055556 0.170615493816259 0.000171471851061032 9.57643223
15159019 159.347581018519 0.186376587560153 0.00017710467150714 8.70249557
15159038 159.761828703704 0.0830898667007954 0.000562618934692596 9.19900799
15159039 159.769594907407 0.164495576223384 0.000176083439543989 8.95161533
15159040 159.791157407407 0.166872598615871 0.000183771253891863 9.89078331
15159041 159.812685185185 0.180691526956402 0.000199782445010001 9.91483116
15159042 159.834016203704 0.172115486326013 0.000195093970768722 9.77097607
15159043 159.855324074074 0.17206208308344 0.000177202614675933 8.99510384
15159044 159.882986111111 0.194969088801509 0.000278712027967089 8.13081646
15160027 160.497337962963 0.167473419971658 0.000146887323478531 8.87169552
15160029 160.530173611111 0.18373827005659 0.00021538117460533 9.96364784
15160030 160.54994212963 0.159864811896297 0.000180590592573444 9.86356831
15160032 160.575243055556 0.177840040165045 0.000225651169862702 9.31996727
15160050 160.983703703704 0.174114996177564 0.000184175339833643 8.91489601
15161001 161.005902777778 0.168967453426477 0.000188733977543351 9.46123123
15161002 161.027199074074 0.171420528302108 0.000202644243523047 9.93974400
15161003 161.049016203704 0.164659198241195 0.000187995106038405 9.95759964
15161004 161.071041666667 0.174709252132925 0.000213378817265496 9.29692841
15161036 161.584502314815 0.155388670562145 0.000166912347951544 8.38684845
15161037 161.606388888889 0.159697141261926 0.000292705830047057 9.32745647
15161043 161.630046296296 0.187804776798067 0.000381668728478344 9.61127949
15161048 161.651574074074 0.173087569613381 0.000535669810024153 5.44406366
15161049 161.658229166667 0.187229927759762 0.00062787579825866 5.62723207
15161053 161.674039351852 0.191639399880685 0.000567995915330364 5.40691185
15161054 161.680462962963 0.188617325318618 0.000382689447608574 5.07470417
15161055 161.692974537037 0.19407819881097 0.00044656823200698 5.44536018
15161057 161.706076388889 0.185663888581697 0.000268576808361658 5.30870342
15161058 161.727847222222 0.185294892849273 0.000368236834552457 5.54731178
15162004 162.14306712963 0.167029306422938 0.000174116772112519 9.17927933
15162005 162.165474537037 0.169191882603131 0.000191179514852489 9.67391968
15162006 162.186585648148 0.176757531014041 0.000271851299391229 10.09281540
15162010 162.235590277778 0.170716245034501 0.000181369304090783 9.48470402
15162011 162.257488425926 0.158458366819516 0.000168032071387397 9.62539196
15162012 162.281134259259 0.17770176809934 0.000223539937204087 9.98107147
15162013 162.302881944444 0.175958266747485 0.000189601491118019 10.01159954
15162014 162.325960648148 0.173490849472199 0.000249828012114481 9.43891144
15162041 162.759699074074 0.159703595910719 0.000172010722564511 9.54676723
15162042 162.781493055556 0.174578918097304 0.000205607041653179 9.98755169
15162043 162.803287037037 0.148998155422055 0.000393503109541818 10.30247879
15162044 162.808460648148 0.17033572646251 0.000199184332234227 10.27180767
15162045 162.829861111111 0.171344242930214 0.000200993675342948 9.82526398
15162046 162.851527777778 0.166947260016546 0.000273883912224278 9.54777622
15163017 163.253078703704 0.158163830089509 0.000165943566145874 9.78004742
15163018 163.27724537037 0.170764562309409 0.000203997137818471 10.09843159
15163019 163.298425925926 0.175805789999002 0.000219621623539833 10.50393581
15163020 163.320335648148 0.173045823841363 0.000209407641191729 10.23220730
15163021 163.343587962963 0.156496229919846 0.000220902803909044 9.61185646
15163048 163.75224537037 0.160040541809469 0.000182509430395172 8.28331184
15163049 163.773703703704 0.161136998512178 0.000157823807028102 9.68889618
15163050 163.802708333333 0.150641040413549 0.000390350188573377 10.20240021
15163051 163.808055555556 0.1590907485251 0.000179133036144761 10.06617546
15163052 163.829861111111 0.157950370396859 0.000179777216625452 9.58579159
15163053 163.851168981481 0.160461558329043 0.000359025877945005 8.71790409
15164023 164.362777777778 0.175295565532815 0.000185282120595027 7.26062393
15164024 164.385069444444 0.174785023985927 0.000239385813284279 8.64993572
15164028 164.408194444444 0.172238188214073 0.000291049220680478 9.69897556
15164029 164.421087962963 0.145187524372308 0.00593272505172967 9.81547165
15164030 164.422083333333 0.165689801987468 0.000189797778216054 9.78364849
15164032 164.446585648148 0.15591430971746 0.000231985441993189 9.34200001
15164060 164.809537037037 0.150988981321369 0.000161391687741475 9.32227135
15164061 164.830833333333 0.148044320172673 0.000502750621885462 10.13587189
15164062 164.837800925926 0.151861667193688 0.000176747358312039 10.32407951
15164063 164.856574074074 0.138461112415529 0.000358155505791602 10.69963169
15164064 164.861400462963 0.159533882220634 0.000280674749208253 10.54598427
15164065 164.87125 0.165899703455166 0.00019131185184432 10.47484779
15164066 164.892766203704 0.1682437561787 0.000212456156328718 9.86731243
15165007 165.092430555556 0.1811717571218 0.000478078423342106 6.35039997
15165008 165.099699074074 0.183472128720638 0.000258834182831422 6.18004751
15165009 165.116215277778 0.177586275717438 0.000296397828257946 5.67460823
15165021 165.339780092593 0.162350808884235 0.000165210779362211 12.58452034
15165022 165.361979166667 0.168948389983908 0.000201855028568741 14.11047363
15165023 165.388587962963 0.165592840971289 0.000174599954052126 14.17105484
15165024 165.410949074074 0.164573187186233 0.00017801992257115 13.45295429
15165025 165.433391203704 0.174454310211964 0.000233114632495154 12.09399891
15165049 165.839664351852 0.164551503185704 0.0001747163655172 9.66729546
15165050 165.861666666667 0.164418933695233 0.000194405808355383 10.35950470
15165051 165.882268518519 0.161167849749793 0.000387087821733092 10.70769501
15165052 165.888171296296 0.15184512356885 0.000479181105768421 10.74110317
15165053 165.893217592593 0.182646434781751 0.000229626066324095 10.58731174
15165054 165.91193287037 0.161865329356062 0.000178541673810898 10.12910366
15165055 165.93994212963 0.175189358305316 0.000586184765566052 9.37238407
15166013 166.194421296296 0.188422197894798 0.000307264188361687 4.26355171
15166023 166.337106481481 0.158117723048397 0.000232171202905178 8.00755215
15166024 166.348055555556 0.147510088893285 0.000156429217238937 8.80574417
15166025 166.36994212963 0.171751632458199 0.000230467938037024 9.60235214
15166026 166.386041666667 0.167459458493181 0.000194008616042572 9.70012760
15166027 166.4078125 0.16538868003776 0.000222393769030005 9.51955223
15166028 166.423009259259 0.170978096928696 0.00018429851403067 9.19094372
15167001 167.019571759259 0.160688881443036 0.000171140947722336 8.70710373
15167002 167.041238425926 0.161754495002829 0.000214762122196337 9.60638332
15167006 167.083993055556 0.173706078490997 0.000196682404251079 9.59529591
15167007 167.104247685185 0.166046504520758 0.000238487109675649 9.17294407
