15089023 89.4200694444444 0.0218322333747728 2.00187445840791e-05 1.00000000
15089024 89.4417361111111 0.0225089452742246 1.90656239582242e-05 1.00000000
15089025 89.4638194444444 0.0180585719053911 1.63370677118861e-05 1.00000000
15089026 89.487974537037 0.0201620535891705 1.93501487534708e-05 1.00000000
15089027 89.5105555555555 0.0203524529187841 2.09943814696478e-05 1.00000000
15089051 89.8719907407407 0.0243582976674323 6.1375545204268e-05 1.00000000
15089052 89.8818981481482 0.0216205298839997 2.75711044907049e-05 1.00000000
15089053 89.898125 0.0237359601946175 2.11541145128308e-05 1.00000000
15089054 89.9187152777778 0.0206345852986447 2.51514526338634e-05 1.00000000
15090002 90.0050578703704 0.020332413441984 1.83877042202682e-05 1.00000000
15090003 90.0286805555556 0.021740542710449 1.87315270937179e-05 1.00000000
15090004 90.0505439814815 0.0213745888078774 1.73541408266539e-05 1.00000000
15090005 90.0762731481481 0.0228944613907818 2.10871720136169e-05 1.00000000
15090006 90.0984375 0.00483765845732899 0.000895013916581067 1.00000000
15090007 90.0997453703704 0.0249770164831875 2.47053592369686e-05 1.00000000
15090020 90.3642708333333 0.0243581066291778 2.25490823933267e-05 1.00000000
15090022 90.3882060185185 0.0225726352146428 3.08475248266327e-05 1.00000000
15090038 90.548125 0.0188072354115412 1.86350654675912e-05 1.00000000
15090039 90.5692361111111 0.0189142569537583 1.83400948768309e-05 1.00000000
15090047 90.6059606481481 0.0223528767795028 1.70378315930986e-05 1.00000000
15090048 90.6353703703704 0.0241214927173621 2.17207239410116e-05 1.00000000
15090049 90.6573148148148 0.0222729850091233 2.459997838848e-05 1.00000000
15090050 90.6749768518519 0.0227397005813101 2.73388241727629e-05 1.00000000
15091006 91.1368402777778 0.0219064972651747 1.9994764617731e-05 1.00000000
15091007 91.1589814814815 0.0211129225469835 1.8806722512319e-05 1.00000000
15091008 91.1802430555556 0.0197762414214212 3.37006429698285e-05 1.00000000
15091024 91.448275462963 0.0208588957461222 1.85358389357039e-05 1.00000000
15091025 91.4709027777778 0.0194388575030801 1.83771190614106e-05 1.00000000
15091026 91.4907638888889 0.0209989565061068 1.82825686717859e-05 1.00000000
15091027 91.5121064814815 0.0219450692840479 1.91908859687825e-05 1.00000000
15091028 91.5333217592593 0.0219552260366245 1.99661302896563e-05 1.00000000
15091029 91.554849537037 0.0224082956755589 2.10980458549895e-05 1.00000000
15092004 92.0518287037037 0.017869189711989 1.76365231777517e-05 1.00000000
15092005 92.0735300925926 0.0229936329272706 1.99499299925393e-05 1.00000000
15092006 92.0941782407407 0.0151000858722186 0.0012746693020961 1.00000000
15092007 92.0962268518519 0.0224729761600548 1.88051059584329e-05 1.00000000
15092008 92.1183796296296 0.0225535926233033 2.03291375721204e-05 1.00000000
15092009 92.1399652777778 0.0212100090952617 2.05053381478258e-05 1.00000000
15092011 92.1634259259259 0.0227979348703334 2.19754177253341e-05 1.00000000
15092012 92.1857291666667 0.0222819853494937 2.25127074290512e-05 1.00000000
15092013 92.2077893518518 0.0237022524427021 3.48494133665307e-05 1.00000000
15092076 92.9559259259259 0.0175316039590498 8.89351524639936e-05 1.00000000
15092077 92.9597685185185 0.0175675119677958 2.08315889369343e-05 1.00000000
15092078 92.9771875 0.01899590131783 1.7516928975372e-05 1.00000000
15092079 92.9999189814815 0.0185938571964164 1.74067017895888e-05 1.00000000
15093001 93.0216666666667 0.0179211200110833 1.70457522461768e-05 1.00000000
15093002 93.0440277777778 0.021571344541117 1.91475327771729e-05 1.00000000
15093003 93.0659259259259 0.0227908608775618 2.04995923914911e-05 1.00000000
15093004 93.088275462963 0.0212273703451225 2.0016269609423e-05 1.00000000
15093005 93.1108912037037 0.0195030600090811 2.00778590930375e-05 1.00000000
15093006 93.1325462962963 0.0209171066745973 2.15564172621456e-05 1.00000000
15093007 93.1541782407407 0.0193725651424862 2.112672907197e-05 1.00000000
15093008 93.1762731481482 0.0210364900552506 2.91077068289165e-05 1.00000000
15093031 93.4782060185185 0.0193577988419137 1.91745973681236e-05 1.00000000
15093034 93.505162037037 0.0206258760964293 1.99667207282274e-05 1.00000000
15093035 93.5290509259259 0.0216717664430717 1.88950842299863e-05 1.00000000
15093036 93.5511226851852 0.0219752259421242 2.03090618867314e-05 1.00000000
15093037 93.5717476851852 0.0210430591190005 2.00468951876e-05 1.00000000
15093038 93.593275462963 0.0217844406201128 2.05997435526745e-05 1.00000000
15093039 93.6153472222222 0.0216562533051799 2.06578880803735e-05 1.00000000
15093040 93.6378587962963 0.0216689759158978 2.40733799930051e-05 1.00000000
15093041 93.6553240740741 0.0235791465828691 3.40708456412198e-05 1.00000000
