15077056 77.6056712962963 0.0195925223268614 0.000338935664410654 1.00000000
15077057 77.6075694444444 0.0205202983426593 8.31690280240759e-05 1.00000000
15077059 77.6317476851852 0.020292349362288 0.000363884345616189 1.00000000
15077060 77.6352199074074 0.0211678000926771 0.000155061584238588 1.00000000
15077061 77.7052314814815 0.0199642067010146 9.13434499959888e-05 2.98355985
15077062 77.7124074074074 0.0212132697262521 7.34019845471545e-05 1.24060810
15077063 77.7255671296296 0.0214945949174783 0.000204115113515869 1.09931993
15077066 77.7319328703704 0.0219038484225564 0.000290683341127122 1.02623999
15077067 77.7353819444444 0.020967480524931 0.000412333089543186 1.00243807
15077069 77.7399768518518 0.02135652259701 9.53191007862605e-05 1.00000000
15077070 77.7514814814815 0.0223000990927782 0.000153310690711594 1.00000000
15077079 77.7814236111111 0.0215099658283434 0.000197392642888967 1.00000000
15077080 77.7850231481481 0.0211084814843815 0.000117820019646401 1.00000000
15078001 78.0260185185185 0.0207367362833572 4.545404768336e-05 2.99467802
15078002 78.0481481481481 0.0226900385439414 0.000123300489284613 1.80216599
15078003 78.0522569444444 0.0221572910714387 5.21488607614691e-05 1.69247997
15078004 78.0754976851852 0.02188679581286 6.76424101608852e-05 1.28711414
15078005 78.0977314814815 0.0217861403143847 0.00012962866458279 1.02254403
15078006 78.1041319444444 0.0214857335457099 7.11529714859979e-05 1.00000000
15078007 78.1629513888889 0.0207528230196999 6.316353097163e-05 3.37433386
15078008 78.1709953703704 0.0204805717948318 0.000141656379146319 2.66341186
15078009 78.1759375 0.0218764075017224 0.000182259715258631 2.34755397
15078011 78.1840625 0.0214942367865904 4.84523019455812e-05 2.03714991
15078012 78.2064236111111 0.0212021272738113 0.000237028449890847 1.48692000
15078013 78.2083449074074 0.021550298903718 0.000253922441211597 1.46200192
15078016 78.2242939814815 0.0211942674826486 0.000199593964863404 1.22600996
15078017 78.231400462963 0.0210601115576313 6.2876083465311e-05 1.13467193
15078018 78.2521643518518 0.021985461237377 0.000108399103620571 1.00000000
15078019 78.2639930555556 0.0220497820768819 0.000247757688520541 1.00000000
15078020 78.2672916666667 0.0219559178235134 0.000134302951788511 1.00000000
15078021 78.2765393518518 0.0214178854024838 9.00054173894428e-05 1.00000000
15078069 78.7375347222222 0.0204948374085746 5.48470637698879e-05 2.79725409
15078071 78.7516203703704 0.0209404112575484 8.53418295892101e-05 2.07042003
15078073 78.7587615740741 0.0209091675031181 5.85217318191825e-05 1.83626401
15078074 78.7750925925926 0.0212681177760361 9.23653018627997e-05 1.48598409
15078075 78.7829513888889 0.0206189913144177 8.39810299679507e-05 1.35125399
15078103 78.8449652777778 0.0209496766230302 0.000119935256101111 6.33873606
15078104 78.8535532407407 0.0212113246978041 0.000122625007080704 6.01647043
15078107 78.8630324074074 0.0202916143460721 9.01665065658052e-05 5.72029781
15078108 78.8786111111111 0.0206292382708161 0.000177922877556028 1.00000000
15078109 78.9425925925926 0.0211845937934808 7.43403154308653e-05 2.18605185
15078110 78.9511342592593 0.0192463536741541 5.32891478654153e-05 1.87456799
15078111 78.9696875 0.0190894655090648 0.000144543928133153 1.43952608
15078112 78.9730324074074 0.0201761791489914 6.95846765148114e-05 1.38767409
15078113 78.9918865740741 0.020631465280293 6.31593789299403e-05 1.11747599
15079001 79.0137268518518 0.0203379255340297 6.85601549027669e-05 1.00000000
15079002 79.0357060185185 0.0201203726350607 7.46376300346915e-05 1.00000000
15079003 79.0572106481481 0.0207374375062283 0.000152170131088357 1.00000000
15079007 79.1513773148148 0.0216913161458183 5.90357184185535e-05 2.39868617
15079008 79.1666087962963 0.0205591505732835 0.00010773979076059 1.85334003
15079009 79.1742824074074 0.0224224523998102 5.55044797780517e-05 1.66117203
15079010 79.1959027777778 0.0217186581342906 6.35401749705532e-05 1.25968802
15079013 79.2225347222222 0.0217951655137863 6.9982540453498e-05 1.00000000
15079014 79.2441087962963 0.0218635268764583 7.57709077467276e-05 1.00000000
15079016 79.2760763888889 0.0215930022609346 0.000101556382771028 1.00000000
15079017 79.2916435185185 0.0216482680951589 0.000108573165555294 1.00000000
15079018 79.3589236111111 0.0225585649402999 4.62263217149245e-05 2.34334803
15079019 79.3810763888889 0.0219225309058645 5.11525777015805e-05 1.62421799
15079020 79.4065625 0.0212488333716208 9.74280311191232e-05 1.14584994
15079021 79.415462962963 0.0220641563778902 9.21912987761569e-05 1.04099405
15079022 79.4266666666667 0.0217661946009046 0.000197774156718435 1.00000000
15079023 79.430162037037 0.0218316963814035 7.23527718714458e-05 1.00000000
15079024 79.4513194444444 0.0221714618677704 9.65958156078818e-05 1.00000000
15079025 79.4650925925926 0.0224007436543522 8.44490616891878e-05 1.00000000
15079026 79.4867013888889 0.0217776273327217 0.000119532238398326 1.00000000
15079027 79.498287037037 0.0224885699956587 0.000108767074381806 1.00000000
15079041 79.8178009259259 0.0216294293902513 4.81468462871364e-05 3.22053003
15079042 79.8333217592593 0.0218007590301269 0.000165517781623662 2.27833200
15079046 79.8441782407407 0.0217940381067898 7.82414407599466e-05 1.94383192
15079047 79.8534143518519 0.0231955894211798 0.000115640305853592 1.69101000
15079048 79.8592013888889 0.0219192999157684 0.000181437318475793 1.57172406
15079050 79.863900462963 0.0220171114624945 0.000234715465905083 1.48411191
15079051 79.8667592592593 0.0220940210556221 8.30108730555507e-05 1.43875813
15079052 79.8775578703704 0.0219488773753644 7.419381161701e-05 1.29555607
15079056 79.8941087962963 0.0219382537095983 0.000102276336135488 1.09361410
15079057 79.9034722222222 0.0221087142201354 7.34451199246532e-05 1.00000000
15079058 79.9224652777778 0.0221647831762149 0.000278440471013264 1.00000000
15079059 79.9247222222222 0.0228363281313562 0.000186462004363497 1.00000000
15079060 79.9288194444444 0.0216829825047455 7.64833579837233e-05 1.00000000
15079061 79.9491898148148 0.0212247605266587 0.000182301494162589 1.00000000
15079062 79.953900462963 0.0215160599002868 0.000185967676976115 1.00000000
15079063 79.9583564814815 0.0210820917984835 0.000107519192488196 1.00000000
15080002 80.0950578703704 0.0220921609951302 4.18528647797803e-05 2.62375188
15080003 80.1193402777778 0.022378391321561 5.2951536123449e-05 1.74821413
15080004 80.1412152777778 0.0215646748346697 5.93649921316927e-05 1.34359801
15080005 80.1628703703704 0.0221247597045505 6.61335384277863e-05 1.07495403
15080006 80.1846412037037 0.0219863283653973 7.18417025198118e-05 1.00000000
15080007 80.206412037037 0.021472455823518 7.93039090908399e-05 1.00000000
15080008 80.2265393518519 0.0217131253017925 8.67876552641943e-05 1.00000000
15080009 80.2849074074074 0.0225305886505616 4.88303688079488e-05 3.00551391
15080010 80.3030555555556 0.0222826096933721 5.09385169098349e-05 2.09994006
15080011 80.3231134259259 0.0227587754593849 6.86984442175962e-05 1.58236194
15080012 80.3381018518518 0.0211931076915718 7.4843359179717e-05 1.32165599
15080013 80.3515393518519 0.022240637129198 7.16613594126057e-05 1.14621007
15080014 80.3690509259259 0.0221449124721416 7.00757452771388e-05 1.00000000
15080015 80.3911458333333 0.0209303895572798 7.08907278701213e-05 1.00000000
15080016 80.41375 0.0221224133760877 0.000122396312245773 1.00000000
15080024 80.435150462963 0.0217911787559445 0.000130838479520033 1.00000000
15080029 80.5337268518519 0.0216517878763327 4.1166359647112e-05 2.88519621
15080032 80.5591550925926 0.0214190921110589 0.000235880669653369 1.85289001
15080035 80.5697685185185 0.022142294759933 6.26250955425694e-05 1.61953199
15080036 80.5862384259259 0.0220358628977907 8.22710123528508e-05 1.37401807
15080037 80.5967939814815 0.0222519391584929 7.20235725214156e-05 1.26100802
15080038 80.6118171296296 0.0214701234135417 6.19637728363097e-05 1.13585997
15080039 80.6335648148148 0.0214092774509885 0.000108780154588224 1.00000000
15080041 80.6473726851852 0.0223266576839475 0.000100432090769438 1.00000000
15080042 80.6583101851852 0.0229296245042711 8.20250120836916e-05 1.00000000
15080043 80.6749074074074 0.0207294040748858 8.24470069699118e-05 1.00000000
15080044 80.6923726851852 0.0211184417397769 0.000140979340067691 1.00000000
15080045 80.699525462963 0.0223174042024407 7.80380778866464e-05 1.00000000
15080052 80.7835763888889 0.019499804674537 0.0010761922231984 3.67340994
15080053 80.7862384259259 0.0212564982362416 0.000251736211927629 3.40923619
15080054 80.7892476851852 0.0205288089247707 4.32268277833872e-05 3.10255194
15080055 80.8076157407407 0.0214312062388965 5.14725498003261e-05 2.29344010
15080056 80.8268287037037 0.0220515512586693 5.7557742912325e-05 1.83099592
15080057 80.8461921296296 0.0214407689496189 5.45322304600665e-05 1.53586197
15080058 80.8679976851852 0.0214341666098368 9.14285082898564e-05 1.29724193
15080059 80.877337962963 0.021595249998737 0.000510947156076129 1.21720803
15080060 80.8787731481481 0.0217885603418334 5.59508702845284e-05 1.20168602
15080061 80.9049768518519 0.0204303836631352 9.52595083429777e-05 1.02955806
15080062 80.915162037037 0.0209405076101331 8.93043652664566e-05 1.00000000
15080063 80.9274074074074 0.020571555958019 8.02064703419578e-05 1.00000000
15080064 80.9889583333333 0.0219230174051056 4.09357153379229e-05 2.95999813
15081001 81.0114930555556 0.0209714417991399 8.654036883466e-05 2.02447796
15081002 81.0221412037037 0.0215293280143503 5.01224659852099e-05 1.78981197
15081003 81.0441666666667 0.0222184911686169 5.75032448197203e-05 1.44376194
15081004 81.063900462963 0.0216330475865436 5.91585830451382e-05 1.23059404
15081005 81.0860648148148 0.021881631747942 6.30019349154226e-05 1.05308402
15081006 81.1082291666667 0.0211323584942793 6.63996714558292e-05 1.00000000
15081007 81.1298842592593 0.021186703546436 8.41479637757257e-05 1.00000000
15081008 81.1848263888889 0.0223054857393568 4.34245463454515e-05 2.66485810
15081009 81.2062152777778 0.0216279667491549 5.02821694877045e-05 1.86088800
15081010 81.2268865740741 0.021400884928662 5.45000208301189e-05 1.46681392
15081011 81.2482638888889 0.0213507022532841 5.85695389308322e-05 1.22765994
15081012 81.2699537037037 0.0211800830713598 6.29814684966916e-05 1.03428006
15081013 81.291724537037 0.022232134830457 7.00591484497036e-05 1.00000000
15081014 81.3125347222222 0.0214835447457281 7.81374027290988e-05 1.00000000
15081015 81.3309490740741 0.0191229504702861 0.000642904306914543 1.00000000
15081016 81.3318634259259 0.0213630668109955 0.000119048779082039 1.00000000
15081017 81.3414814814815 0.0221870616118163 0.000102394543017187 1.00000000
15081022 81.4192939814815 0.0209680257105967 0.000220529513113977 2.15208626
15081023 81.4216782407407 0.0210960128429364 6.56452489758514e-05 2.07380986
15081024 81.4381597222222 0.0205841673791353 7.1833498447666e-05 1.74949205
15081025 81.4491550925926 0.0205650025711662 5.24451188178605e-05 1.58830202
15081026 81.4715740740741 0.0202844459494963 5.58565102526845e-05 1.33298397
15081027 81.4985069444445 0.020479319685201 5.95336008671902e-05 1.12453806
15081028 81.5216087962963 0.0201182818002032 7.85719457543116e-05 1.00000000
15081029 81.5358912037037 0.0196765224882765 6.83243937625723e-05 1.00000000
15081034 81.6266550925926 0.0193937635372278 4.6545112343121e-05 1.98672605
15081036 81.6504398148148 0.0196932994665922 5.8014027325167e-05 1.51471806
15081037 81.6680902777778 0.0192788057518819 5.52755997541574e-05 1.28862000
15081038 81.6898611111111 0.0193309171606976 0.000144175375542557 1.08895195
15081041 81.6986921296296 0.0195468803318773 6.0203189836052e-05 1.02618003
15081042 81.7212615740741 0.0197091189332445 7.05999486036109e-05 1.00000000
15081043 81.7408449074074 0.0193677725715727 5.60043626074914e-05 1.00000000
15081044 81.7729166666667 0.020021916635018 0.000215256495531441 1.00000000
15082004 82.0615393518518 0.0215294436040519 5.27367871597211e-05 1.48770595
15082005 82.0830902777778 0.0202057367360775 5.56994426137743e-05 1.26346815
15082006 82.1039351851852 0.0208804363907214 0.000103164560017189 1.11550808
15082007 82.1138888888889 0.0206494954517196 5.8324546611737e-05 1.05838811
15082008 82.1360532407407 0.0207030441370898 6.07928684142918e-05 1.00000000
15082009 82.1580092592593 0.0208005877532005 6.29665174751364e-05 1.00000000
15082010 82.1798032407408 0.0210615139569042 8.20276815440634e-05 1.00000000
15082013 82.2645023148148 0.0208464104258366 4.31373658069902e-05 3.21228600
15082014 82.2834375 0.0212883156116364 9.0237780031005e-05 2.22790813
15082016 82.2924768518519 0.0204539771024038 0.000194016813331541 2.01455998
15082017 82.2946180555556 0.0204470818813901 4.74835391628024e-05 1.96324813
15082018 82.3161805555556 0.020687726391232 5.53494922596853e-05 1.64348400
15082021 82.3385185185185 0.0208511655076352 5.97184088340231e-05 1.40796006
15082022 82.3605555555555 0.0210346437733451 6.00306944980232e-05 1.22656202
15082023 82.3819097222222 0.020278931178269 0.000295151543132814 1.12460399
15082024 82.3844212962963 0.0207970045252693 9.47703080141966e-05 1.11151803
15082025 82.3936342592593 0.0210243764721896 6.71300251105467e-05 1.06014597
15082028 82.4149305555556 0.0211899302846487 0.000109897920239367 1.00000000
15082030 82.4247916666667 0.0193509049533896 0.000419000983977479 1.00000000
15082031 82.4276851851852 0.0204227992073473 0.000599518383437337 1.00000000
15082050 82.5615625 0.0215533583766619 0.000253579182762325 3.73444176
15082052 82.5662731481481 0.0198898951902749 4.23207227121534e-05 3.21621013
15082053 82.5857175925926 0.0207655630349723 4.69734673286982e-05 2.34138608
15082055 82.6089930555556 0.0192933104294589 5.09579381442715e-05 1.85544598
15082056 82.6274652777778 0.0207391249875565 5.28152929580854e-05 1.61612391
15082057 82.6477893518519 0.0208085313606723 5.52886018004544e-05 1.42050600
15082058 82.6690625 0.0206183297706689 5.48977042102667e-05 1.26944995
15082059 82.6906712962963 0.0210196963840532 5.66973155135085e-05 1.19867396
15082060 82.7122453703704 0.0199909671238079 7.26633762312156e-05 1.21724999
15082064 82.8290740740741 0.0218248206812755 6.07781336801134e-05 3.36314392
15082065 82.8413541666667 0.0212118492289536 7.93039462069617e-05 2.46597600
15082066 82.8492824074074 0.0198325316212865 4.43669534623917e-05 2.21055007
15082067 82.8732407407407 0.0198768926531191 5.08300141616081e-05 1.70413196
15082069 82.8963657407407 0.0202098121792746 5.0297455458921e-05 1.39883411
15082071 82.9235185185185 0.0213219548086855 5.63712436737684e-05 1.16590190
15082073 82.9490625 0.0205054619156405 6.61699683002852e-05 1.05408597
15082074 82.9677314814815 0.0213201266412984 6.37170976297243e-05 1.00000000
15082075 82.9896064814815 0.0210617041116495 8.24680177403787e-05 1.00000000
15083002 83.0451967592593 0.0205749657240931 5.07577899875949e-05 3.12858605
15083003 83.0593981481482 0.0204603276772538 4.47109382867125e-05 2.36440802
15083004 83.0819097222222 0.0212595009278661 5.00313851987617e-05 1.84940398
15083005 83.1038194444444 0.01986928712075 5.16035785452016e-05 1.56351590
15083007 83.1266550925926 0.0208813874342388 5.53970897600765e-05 1.35924602
15083008 83.1484375 0.0211351392590074 5.86335024763155e-05 1.21851003
15083009 83.1701851851852 0.0221141350747302 6.16504310006054e-05 1.11117601
15083010 83.191724537037 0.0210118650315061 7.96325398055903e-05 1.02155399
15083014 83.3198032407407 0.0209305945381048 5.31969253259867e-05 2.44598389
15083015 83.3358564814815 0.021662798105724 5.07838490538363e-05 1.84732199
15083017 83.3592939814815 0.0210728019677928 6.85823842225007e-05 1.50293410
15083019 83.3749074074074 0.0212940917660554 6.86361568133761e-05 1.36010408
15083021 83.3915856481482 0.0213083208062486 6.14857341978097e-05 1.23416996
15083023 83.4124074074074 0.0211242482661088 8.19144177608764e-05 1.11057603
15083024 83.4253125 0.0206158019902722 0.000120457143138837 1.05065405
15083025 83.4315277777778 0.02118406625753 6.74811924588561e-05 1.02971995
15083026 83.4520486111111 0.0213265096393562 0.000114353347401312 1.00000000
15083027 83.4604050925926 0.0223604208891311 0.000225476200708224 1.00000000
15083028 83.4633796296296 0.0219837679158362 7.08373001235962e-05 1.00000000
15083029 83.4850578703704 0.0210171633870659 9.69931404493995e-05 1.00000000
15083030 83.4972453703704 0.0210366317438433 7.62779592901108e-05 1.00000000
15083031 83.5162268518519 0.0208871373754473 0.000104947897398989 1.00000000
