15076101 76.9540625 0.0411302318409983 0.000217525580245645 1.00000000
15076102 76.9568981481481 0.040716059780906 0.000116656477701174 1.00000000
15076105 76.9695949074074 0.0426703374967777 9.96159761559238e-05 1.00000000
15076108 76.9863541666667 0.04111573181953 0.000224571082280958 1.00000000
15076109 76.9897916666667 0.0431708349231894 8.55373467864692e-05 1.00000000
15077001 77.0089467592593 0.0417347822748469 0.000194611880493394 1.00000000
15077002 77.0135532407407 0.0423622097047678 0.000190701057034548 1.00000000
15077003 77.0572453703704 0.0439778411904302 6.28628466380319e-05 3.22095966
15077004 77.0686226851852 0.0431629693046022 5.07941788793897e-05 2.35465002
15077006 77.0897569444444 0.0423854138724644 5.43503112797844e-05 1.71452999
15077007 77.1128587962963 0.0393196971013907 6.34132049411467e-05 1.30242002
15077008 77.1319907407407 0.0380380536315239 7.16551546639324e-05 1.11945987
15077009 77.1500578703704 0.0440690373355751 0.000288035669469136 1.00000000
15077010 77.1522800925926 0.0407625288929187 0.000351642611588372 1.00000000
15077011 77.1545717592593 0.0412735417190682 6.90982963017583e-05 1.00000000
15077012 77.1771412037037 0.0432454427985342 7.67448483164556e-05 1.00000000
15077014 77.2008912037037 0.0447254215759511 0.000108275537800862 1.00000000
15077015 77.2567708333333 0.0393345806764238 4.17584885143299e-05 3.25903010
15077017 77.2894560185185 0.0361495014033043 0.000208294543024898 1.87681997
15077018 77.292962962963 0.0380360684320682 6.36188744316306e-05 1.79044998
15077019 77.3075810185185 0.0385987956596898 6.64482239913065e-05 1.53956997
15077020 77.3233912037037 0.0423208503360838 7.0339124474291e-05 1.30724001
15077033 77.4881944444444 0.0327977866680364 5.54467495418287e-05 1.74488497
15077035 77.5042592592593 0.0361828542344114 4.87454389523442e-05 1.33055997
15077036 77.5215162037037 0.0369500435689886 0.000111967871037418 1.04854500
15077039 77.5304398148148 0.0387322031680498 6.98199066156307e-05 1.00000000
15077042 77.5458333333333 0.0386241278181038 9.52850550775413e-05 1.00000000
15077043 77.5534027777778 0.038245502876958 0.000212447214327177 1.00000000
15077044 77.5561689814815 0.0393348423856161 0.000178646127129641 1.00000000
15077047 77.5641782407407 0.039881889314367 0.000222980459981173 1.00000000
15077055 77.5973263888889 0.038670007743642 0.00011533141459249 1.00000000
15077056 77.6056712962963 0.0364597690916523 0.000260090093131612 1.00000000
15077057 77.6075694444444 0.03736750037435 6.5088904296377e-05 1.00000000
15077059 77.6317476851852 0.038072096052201 0.000288062615311716 1.00000000
15077060 77.6352199074074 0.0385387593672151 0.000120998506099472 1.00000000
15077061 77.7052314814815 0.0355944461720011 7.86268665728802e-05 2.48629999
15077062 77.7124074074074 0.0375868740372038 6.28199478310341e-05 1.03384006
15077063 77.7255671296296 0.0386867328795558 0.000173363728907807 1.00000000
15077066 77.7319328703704 0.0410140445243874 0.000250541760979067 1.00000000
15077067 77.7353819444444 0.0390825667298682 0.00035219623430273 1.00000000
15077069 77.7399768518518 0.0391272151442756 8.00560616702371e-05 1.00000000
15077070 77.7514814814815 0.0416850095608093 0.000128412842154123 1.00000000
15077079 77.7814236111111 0.0402284583806675 0.000163185461238689 1.00000000
15077080 77.7850231481481 0.0386801480172427 9.60504860497896e-05 1.00000000
15078001 78.0260185185185 0.0362874127725471 3.87721896373235e-05 2.49556494
15078002 78.0481481481481 0.0430604671977276 0.000106770174014749 1.50180495
15078003 78.0522569444444 0.0413534308624781 4.39874011778872e-05 1.41039991
15078004 78.0754976851852 0.0406681452029615 5.56448734003294e-05 1.07259500
15078005 78.0977314814815 0.039934295379524 0.000104967653119374 1.00000000
15078006 78.1041319444444 0.0405498036722977 5.81278236397361e-05 1.00000000
15078007 78.1629513888889 0.0361838993247157 5.4362908947302e-05 2.81194496
15078008 78.1709953703704 0.0360479793855139 0.000120026306485148 2.21950984
15078009 78.1759375 0.0402107618854812 0.000156183623012293 1.95629489
15078011 78.1840625 0.0390710778900572 4.00966366471248e-05 1.69762492
15078012 78.2064236111111 0.0402239570346553 0.000197555253529999 1.23909998
15078013 78.2083449074074 0.0415828385188157 0.000213089439466617 1.21833491
15078016 78.2242939814815 0.0389960700802344 0.000161774094737464 1.02167499
15078017 78.231400462963 0.038979390408888 5.06177989305808e-05 1.00000000
15078018 78.2521643518518 0.0424300213079234 8.83336013219584e-05 1.00000000
15078019 78.2639930555556 0.042382274798943 0.000199972615720673 1.00000000
15078020 78.2672916666667 0.0418205279965143 0.000108381276006031 1.00000000
15078021 78.2765393518518 0.0400640157190027 7.17120891438717e-05 1.00000000
15078069 78.7375347222222 0.038610259007737 4.68635082063475e-05 2.33104491
15078073 78.7587615740741 0.0392752035190837 4.80709956946163e-05 1.53022003
15078074 78.7750925925926 0.0413657609900938 7.62447597154372e-05 1.23831999
15078075 78.7829513888889 0.0389187444450036 6.78797139949028e-05 1.12604499
15078103 78.8449652777778 0.0408751225918409 9.6812279150363e-05 5.28227949
15078104 78.8535532407407 0.0423350790739317 9.97460769468401e-05 5.01372480
15078107 78.8630324074074 0.039166586083104 7.20315445824424e-05 4.76691484
15078108 78.8786111111111 0.0405875467371521 0.000142345413222512 1.00000000
15078109 78.9425925925926 0.0412147829569527 6.21247352652763e-05 1.82170987
15078110 78.9511342592593 0.0342279306722135 4.19862537522773e-05 1.56213999
15078111 78.9696875 0.0340208322095414 0.000112691729338445 1.19960499
15078112 78.9730324074074 0.0386265904919565 5.58790009784094e-05 1.15639496
15078113 78.9918865740741 0.0409955179451956 5.1084835313981e-05 1.00000000
15079001 79.0137268518518 0.0401330943247115 5.49522697445126e-05 1.00000000
15079002 79.0357060185185 0.0389975631596051 5.9067697425471e-05 1.00000000
15079003 79.0572106481481 0.0423236758500691 0.000123187309163506 1.00000000
15079007 79.1513773148148 0.0423862584553454 5.01381296662376e-05 1.99890506
15079008 79.1666087962963 0.0383695492138255 8.78758868218813e-05 1.54444993
15079009 79.1742824074074 0.0457185803800585 4.65323741771747e-05 1.38431001
15079010 79.1959027777778 0.0430159497628535 5.19189628513233e-05 1.04973996
15079013 79.2225347222222 0.0435531862553638 5.68516380805353e-05 1.00000000
15079014 79.2441087962963 0.0448826049523137 6.2114886446085e-05 1.00000000
15079016 79.2760763888889 0.0443583470052817 8.29676432317316e-05 1.00000000
15079017 79.2916435185185 0.0442381728926143 8.81914811225014e-05 1.00000000
15079018 79.3589236111111 0.046026702550012 4.0411603221774e-05 1.95279002
15079019 79.3810763888889 0.0431597631770234 4.26000975803974e-05 1.35351503
15079020 79.4065625 0.040687554038694 7.90082229188383e-05 1.00000000
15079021 79.415462962963 0.0445555655826708 7.63051471761877e-05 1.00000000
15079022 79.4266666666667 0.0442090999615319 0.00016334643445677 1.00000000
15079023 79.430162037037 0.0443776048018246 5.96027327728325e-05 1.00000000
15079024 79.4513194444444 0.0457277391615097 7.98554789063281e-05 1.00000000
15079025 79.4650925925926 0.0478165627335015 7.04854408944684e-05 1.00000000
15079026 79.4867013888889 0.0457649213429806 9.9049042311496e-05 1.00000000
15079027 79.498287037037 0.04840827565311 9.08386566066148e-05 1.00000000
15079041 79.8178009259259 0.0417022132668642 4.16338070686043e-05 1.00000000
15079042 79.8333217592593 0.0418617408041992 0.000140677406068312 1.00000000
15079046 79.8441782407407 0.0429831068148425 6.57267763223312e-05 1.00000000
15079047 79.8534143518519 0.0480677856798644 9.7518341036837e-05 1.17431259
15079048 79.8592013888889 0.0441206753417105 0.000151463403912937 1.09147501
15079050 79.863900462963 0.0440109434779786 0.000196919653312607 1.03063333
15079051 79.8667592592593 0.0436653699804797 6.77600623006793e-05 1.00000000
15079052 79.8775578703704 0.043582839967888 6.03635134468578e-05 1.00000000
15079056 79.8941087962963 0.045336118620259 8.44279084171993e-05 1.00000000
15079057 79.9034722222222 0.0456340530793164 6.03365786141762e-05 1.00000000
15079058 79.9224652777778 0.0456938871490049 0.000230499709632837 1.00000000
15079059 79.9247222222222 0.048516415525416 0.000155074098652893 1.00000000
15079060 79.9288194444444 0.0443879758706488 6.22608616627544e-05 1.00000000
15079061 79.9491898148148 0.0427695468878028 0.000147571514011679 1.00000000
15079062 79.953900462963 0.0440115260069035 0.000151217560252615 1.00000000
15079063 79.9583564814815 0.042802995655331 8.71142190875401e-05 1.00000000
15080002 80.0950578703704 0.0432238016055552 3.56509603094625e-05 1.82204998
15080003 80.1193402777778 0.0457898517814405 4.46570671888594e-05 1.21403754
15080004 80.1412152777778 0.0421527817113045 4.82951901814272e-05 1.00000000
15080005 80.1628703703704 0.0454845643392985 5.46517235432706e-05 1.00000000
15080006 80.1846412037037 0.0455762361729423 5.92564924585415e-05 1.00000000
15080007 80.206412037037 0.0434330174722265 6.44598838773574e-05 1.00000000
15080008 80.2265393518519 0.0441314712030726 7.03733730894572e-05 1.00000000
15080009 80.2849074074074 0.0444747178563779 4.29841865429073e-05 2.08716249
15080010 80.3030555555556 0.0443076721955767 4.30833197190217e-05 1.45829177
15080011 80.3231134259259 0.0474676129249093 5.8388863806304e-05 1.09886253
15080012 80.3381018518518 0.0412944006347521 6.09731611869618e-05 1.00000000
15080013 80.3515393518519 0.0452495719867193 5.923039940719e-05 1.00000000
15080014 80.3690509259259 0.0464552920568501 5.84278630440016e-05 1.00000000
15080015 80.3911458333333 0.040656720713556 5.7221827069174e-05 1.00000000
15080016 80.41375 0.0455712577534721 0.000102190692968996 1.00000000
15080024 80.435150462963 0.0439003683510338 0.000109072478113619 1.00000000
15080029 80.5337268518519 0.0408790555757583 3.5601559070065e-05 1.60288668
15080032 80.5591550925926 0.0433410282881402 0.000201629663502219 1.02938330
15080035 80.5697685185185 0.0437854847516539 5.30389299837375e-05 1.00000000
15080036 80.5862384259259 0.0443076552009355 6.96940645512305e-05 1.00000000
15080037 80.5967939814815 0.0446640143532771 6.07726111005816e-05 1.00000000
15080038 80.6118171296296 0.0418917201259607 5.14086783384695e-05 1.00000000
15080039 80.6335648148148 0.0409775541220409 8.94752777693094e-05 1.00000000
15080041 80.6473726851852 0.0466542808220318 8.57959362001494e-05 1.00000000
15080042 80.6583101851852 0.0488870742997622 7.09092052505028e-05 1.00000000
15080043 80.6749074074074 0.0402015984830818 6.82169146921251e-05 1.00000000
15080044 80.6923726851852 0.0416945304553044 0.000117811127047946 1.00000000
15080045 80.699525462963 0.0468774011384121 6.65974235408844e-05 1.00000000
15080052 80.7835763888889 0.0335700708889758 0.000859864290608122 1.63262677
15080053 80.7862384259259 0.040761338915271 0.000225004066620791 1.51521611
15080054 80.7892476851852 0.0379678944378041 3.61899511262718e-05 1.37891209
15080055 80.8076157407407 0.041871269180862 4.29906413550083e-05 1.01930678
15080056 80.8268287037037 0.0446630111776138 4.81557495050797e-05 1.00000000
15080057 80.8461921296296 0.0433081956536426 4.52944541278958e-05 1.00000000
15080058 80.8679976851852 0.0431107450754309 7.62299532384744e-05 1.00000000
15080059 80.877337962963 0.0439800178163938 0.000433306293747534 1.00000000
15080060 80.8787731481481 0.045252911053947 4.6808344828551e-05 1.00000000
15080061 80.9049768518519 0.0405587028037953 7.81442550292208e-05 1.00000000
15080062 80.915162037037 0.0414336761448439 7.28002737491414e-05 1.00000000
15080063 80.9274074074074 0.0406765709684416 6.54872869906743e-05 1.00000000
15080064 80.9889583333333 0.0428121040086429 3.63152291131648e-05 1.31555474
15081001 81.0114930555556 0.0396868624163464 7.51165877406357e-05 1.00000000
15081002 81.0221412037037 0.0421620906229475 4.24042991868633e-05 1.00000000
15081003 81.0441666666667 0.045442668406985 4.99985159495929e-05 1.00000000
15081004 81.063900462963 0.0436734223116746 4.99758901469303e-05 1.00000000
15081005 81.0860648148148 0.0442518273861671 5.31665681711535e-05 1.00000000
15081006 81.1082291666667 0.0424164634837471 5.5777756691106e-05 1.00000000
15081007 81.1298842592593 0.0434237984561025 7.13382364385021e-05 1.00000000
15081008 81.1848263888889 0.044876738183598 3.94407742858538e-05 1.18438137
15081009 81.2062152777778 0.0424159404444391 4.33868124488743e-05 1.00000000
15081010 81.2268865740741 0.0417488117729657 4.61148610821131e-05 1.00000000
15081011 81.2482638888889 0.0428594244557582 4.98103414074582e-05 1.00000000
15081012 81.2699537037037 0.0425334465123051 5.32127937868526e-05 1.00000000
15081013 81.291724537037 0.0469326532659151 6.05508308502139e-05 1.00000000
15081014 81.3125347222222 0.0438803794021818 6.64689259458022e-05 1.00000000
15081015 81.3309490740741 0.043249933025941 0.000575890127831817 1.00000000
15081016 81.3318634259259 0.0439037982489657 0.000101552122603956 1.00000000
15081017 81.3414814814815 0.0471761283821301 8.86636024351029e-05 1.00000000
15081022 81.4192939814815 0.0401117893178662 0.000185404960582219 1.00000000
15081023 81.4216782407407 0.0412776902791716 5.54702789913705e-05 1.00000000
15081024 81.4381597222222 0.0391167348647518 5.89689215286497e-05 1.00000000
15081025 81.4491550925926 0.0390471809512003 4.28456831644674e-05 1.00000000
15081026 81.4715740740741 0.0359725943511377 4.24815669829126e-05 1.00000000
15081027 81.4985069444445 0.0407036029653526 4.93442058704341e-05 1.00000000
15081028 81.5216087962963 0.0401724380513123 6.51409647195005e-05 1.00000000
15081029 81.5358912037037 0.0372533516610831 5.34822871688932e-05 1.00000000
15081034 81.6266550925926 0.0379790148711204 3.95045752368677e-05 1.00000000
15081036 81.6504398148148 0.0378009007607528 4.81965007653605e-05 1.00000000
15081037 81.6680902777778 0.0361740731951198 4.51494423398883e-05 1.00000000
15081038 81.6898611111111 0.0369944933416277 0.000118443295528192 1.00000000
15081041 81.6986921296296 0.0374551453839147 4.95306059719576e-05 1.00000000
15081042 81.7212615740741 0.0381573395312366 5.81253300926135e-05 1.00000000
15081043 81.7408449074074 0.0375754405167824 4.66597532533755e-05 1.00000000
15081044 81.7729166666667 0.0402370770852499 0.000188020101729939 1.00000000
15082004 82.0615393518518 0.0438446935687612 4.69754082888914e-05 1.00000000
15082005 82.0830902777778 0.0387065473205533 4.81451373846448e-05 1.00000000
15082006 82.1039351851852 0.0420544666018617 9.13629679573122e-05 1.00000000
15082007 82.1138888888889 0.0407710137853425 5.14959999367037e-05 1.00000000
15082008 82.1360532407407 0.0408413859787442 5.3913988559225e-05 1.00000000
15082009 82.1580092592593 0.0412382251776012 5.6300789523608e-05 1.00000000
15082010 82.1798032407408 0.0425555731673809 7.53933054962788e-05 1.00000000
15082013 82.2645023148148 0.04018316447561 3.85005307259813e-05 1.42768276
15082014 82.2834375 0.0422452999530163 7.850226473055e-05 1.00000000
15082016 82.2924768518519 0.0389014880044855 0.000168540041690279 1.00000000
15082017 82.2946180555556 0.0396781593829632 4.02635270790602e-05 1.00000000
15082018 82.3161805555556 0.0407354574241975 4.69302312790035e-05 1.00000000
15082021 82.3385185185185 0.0415906671124132 5.02400876378115e-05 1.00000000
15082022 82.3605555555555 0.0425744514630698 5.09436005409136e-05 1.00000000
15082023 82.3819097222222 0.0397041990930348 0.000253736933227692 1.00000000
15082024 82.3844212962963 0.0414537353360194 7.96419788417658e-05 1.00000000
15082025 82.3936342592593 0.0422963421594947 5.63520049777531e-05 1.00000000
15082028 82.4149305555556 0.0429273952918756 9.29696050706391e-05 1.00000000
15082030 82.4247916666667 0.0451054278647052 0.000381243719493077 1.00000000
15082031 82.4276851851852 0.0417902268470246 0.000515351238166211 1.00000000
15082050 82.5615625 0.0422673029677012 0.000231787877748858 1.65975213
15082052 82.5662731481481 0.0360509107309938 3.5710037194917e-05 1.42942679
15082053 82.5857175925926 0.0404028088011868 3.97194082271314e-05 1.04061604
15082055 82.6089930555556 0.034698560357115 4.11831635066e-05 1.00000000
15082056 82.6274652777778 0.0402180242155436 4.43344615973251e-05 1.00000000
15082057 82.6477893518519 0.0415934703672477 4.71307682804135e-05 1.00000000
15082058 82.6690625 0.0410619078463681 4.71726232326411e-05 1.00000000
15082059 82.6906712962963 0.0421806166148245 4.85800021177271e-05 1.00000000
15082060 82.7122453703704 0.0382932870141299 6.07593660291761e-05 1.00000000
15082064 82.8290740740741 0.0436549463980334 5.27233007778e-05 1.49473071
15082065 82.8413541666667 0.0421697314771914 6.6421282021455e-05 1.09598935
15082066 82.8492824074074 0.0364689484072493 3.51533212042298e-05 1.00000000
15082067 82.8732407407407 0.0373924504880319 4.10997226503259e-05 1.00000000
15082069 82.8963657407407 0.0385864454122726 4.09300048477035e-05 1.00000000
15082071 82.9235185185185 0.0436931495543167 4.76389727506009e-05 1.00000000
15082073 82.9490625 0.0392801532368387 5.45722531754121e-05 1.00000000
15082074 82.9677314814815 0.0436073471484088 5.47122792237647e-05 1.00000000
15082075 82.9896064814815 0.0425707391535755 7.07548462334915e-05 1.00000000
15083002 83.0451967592593 0.0382414421853179 4.31023391721071e-05 1.39048278
15083003 83.0593981481482 0.0390028454699863 3.71139532820945e-05 1.05084813
15083004 83.0819097222222 0.0423974109854175 4.19791579788348e-05 1.00000000
15083005 83.1038194444444 0.0378486093403355 4.23374119041171e-05 1.00000000
15083007 83.1266550925926 0.0411165780943554 4.61991233175144e-05 1.00000000
15083008 83.1484375 0.0417858181048082 4.92967475450452e-05 1.00000000
15083009 83.1701851851852 0.0465348468462142 5.36129129608016e-05 1.00000000
15083010 83.191724537037 0.0419454088237854 6.78153848517013e-05 1.00000000
15083014 83.3198032407407 0.0397898840972646 4.48284260666696e-05 1.08710396
15083015 83.3358564814815 0.0433163229874735 4.26624796873729e-05 1.00000000
15083017 83.3592939814815 0.0415965411406498 5.70968566510256e-05 1.00000000
15083019 83.3749074074074 0.043568133452024 5.79325614578024e-05 1.00000000
15083021 83.3915856481482 0.0426885225706425 5.15156565678386e-05 1.00000000
15083023 83.4124074074074 0.0424448923040511 6.89620670048903e-05 1.00000000
15083024 83.4253125 0.0402413935277841 0.000101252632646404 1.00000000
15083025 83.4315277777778 0.04256424342119 5.65181661185295e-05 1.00000000
15083026 83.4520486111111 0.0431989494860254 9.42050217244785e-05 1.00000000
15083027 83.4604050925926 0.0453176304509088 0.000186388042564944 1.00000000
15083028 83.4633796296296 0.0463351657360744 5.95762221832392e-05 1.00000000
15083029 83.4850578703704 0.0425726061198333 8.04575572989859e-05 1.00000000
15083030 83.4972453703704 0.0420047888649333 6.2904058043035e-05 1.00000000
15083031 83.5162268518519 0.042307980474041 8.72837305035744e-05 1.00000000
