15084002 84.0311805555556 0.222156315646156 0.00049631523890003 2.36463618
15084003 84.0434375 0.219322213164356 0.00165902100529836 2.01341987
15084004 84.0452893518518 0.210335988092529 0.00160990855398067 1.97116196
15084005 84.0472569444444 0.208374646021194 0.00179377071854859 1.93918812
15084006 84.0488541666667 0.213524789525296 0.000353158989141048 1.90483201
15084007 84.069212962963 0.219588296221498 0.000364251031843279 1.62525606
15084008 84.0907638888889 0.222173472470685 0.000386644654634761 1.40921998
15084009 84.1122337962963 0.210424953492375 0.000387371244731021 1.25994599
15084010 84.1338078703704 0.214554641088796 0.00040161504172688 1.14687598
15084011 84.1565972222222 0.220526791642037 0.000403629419710141 1.03502405
15084022 84.2810069444444 0.213368305780208 0.000582682692698638 2.80040407
15084024 84.2914930555556 0.206828078892352 0.000516361403318634 2.40622187
15084025 84.309837962963 0.208458417445882 0.000351182429245878 1.95784807
15084027 84.3348611111111 0.212969051462578 0.00040862424660548 1.63313401
15084028 84.3513657407407 0.217367379590434 0.000392051320637536 1.49978411
15084029 84.37125 0.216594472738639 0.000391468329128024 1.46298003
15084031 84.395625 0.215400261605703 0.000467154341191248 1.68824995
15084032 84.4072337962963 0.208316625890206 0.0015760238627814 1.83657598
15084033 84.4092708333333 0.216746012991714 0.00041070128050139 1.84848607
15084034 84.4240625 0.207512698200939 0.000559526222549982 1.91513395
15084036 84.4357175925926 0.207766541342453 0.000360561862985187 1.99889994
15084037 84.4542824074074 0.206257280251964 0.000353056232832062 2.11449003
15084038 84.4720486111111 0.205014665934527 0.000909431874264621 2.14145994
15084039 84.4751851851852 0.212915919491259 0.000511634951686626 2.15042400
15084040 84.4850694444444 0.208677628586468 0.000356043032337479 2.14192820
15084052 84.6889583333333 0.217077549435608 0.000640514345931725 2.91915011
15084053 84.6945949074074 0.211501945797995 0.00191789670753014 2.86821008
15084054 84.6965162037037 0.211539650278525 0.000454649617886562 2.85991216
15084055 84.7089236111111 0.207254967049404 0.000536369730718468 2.84566188
15084058 84.7212615740741 0.217783668086596 0.000490133120356895 2.83679986
15084059 84.7286689814815 0.205816673957793 0.000275932784719853 2.83575010
15084060 84.7495023148148 0.214735575585021 0.00102336680378197 2.79666615
15084061 84.7531018518518 0.213725207316349 0.00247787948651226 2.79452395
15084062 84.7553935185185 0.212423680516819 0.00107013964632491 2.78907013
15084063 84.7576967592592 0.211075288621241 0.000307918174024317 2.76734400
15084064 84.7826157407407 0.212231269286066 0.00044045824226183 2.70965385
15084066 84.7958101851852 0.220602793845721 0.00030109470563757 2.66344213
15084067 84.8171875 0.218946222289635 0.0003149117775913 2.47009802
15084068 84.8385069444444 0.202960904281771 0.000321603919487405 2.30292606
15084069 84.8575694444444 0.209614269930855 0.000543955040818001 2.21920800
15084070 84.8650347222222 0.207423315868689 0.00045794834052953 2.21686816
15084090 84.9304050925926 0.209591584724898 0.000400715941550409 3.06313801
15084091 84.9428935185185 0.217193940585024 0.000331248460316406 2.91646814
15084092 84.9617476851852 0.210382112847544 0.000272315473911953 2.87683201
15084093 84.9834722222222 0.213045489597889 0.000280054243898666 2.84820628
15085001 85.0056018518518 0.208883819653311 0.000277709330717437 2.78305817
15085002 85.0274421296296 0.209289833958117 0.000289367547957108 2.68870211
15085003 85.0492824074074 0.211327839259826 0.00028965559040818 2.60557199
15085004 85.0709837962963 0.2112754452357 0.000299939149481879 2.53552818
15085005 85.0927199074074 0.217343851555893 0.000313194644450282 2.33066392
15085006 85.1144560185185 0.21668621094698 0.000315769371226699 2.21767187
15085007 85.1367939814815 0.225218429692392 0.000418853565617196 2.11072206
15085008 85.1560532407407 0.219902888366554 0.000530462668345958 2.00095820
15085010 85.175 0.218592312994859 0.000393107660378739 1.81024206
15085012 85.1945486111111 0.218060416514305 0.000732792256425264 1.84042192
15085013 85.2001157407407 0.210092247802883 0.000713473445047311 1.81749606
15085014 85.2059837962963 0.217410530242646 0.000738364965075886 1.77879596
15085015 85.2113888888889 0.214803284530614 0.000732968015418624 1.75816190
15085016 85.2168634259259 0.216641526866789 0.000736112202898287 1.76718593
15085017 85.2223958333333 0.214227041819196 0.000754323186851588 1.73586595
15085018 85.2278356481481 0.216763545336624 0.000741985647440294 1.71234012
15085019 85.2335648148148 0.227736994241662 0.000783754525814363 1.64415598
15085020 85.2390277777778 0.226870443274112 0.000782467320220889 1.61049604
15085021 85.244537037037 0.208076826088608 0.000452584481520062 1.57988405
15085022 85.2592708333333 0.21217894486653 0.000396142402676183 1.56765592
15085115 85.9864351851852 0.205045095218773 0.000246732529362632 3.00508809
15086001 86.0099768518518 0.205588180385907 0.000373769409005696 2.85508204
15086003 86.0241898148148 0.204573391327998 0.000284790442547548 2.82770991
15086004 86.0436921296296 0.20709697489554 0.000455218984657275 2.88465595
15086005 86.0518634259259 0.210786400399505 0.000300183369114111 2.83088994
15086006 86.0745833333333 0.200762435708256 0.000334249994227011 2.61270595
15086007 86.0911805555556 0.203425361380836 0.000693728926503811 2.56569600
15086009 86.0976388888889 0.195156588046141 0.000308391241207129 2.58205819
15086010 86.1189699074074 0.214796039954402 0.000313645842099697 2.36016011
15086011 86.1405787037037 0.209802403805752 0.00032932253238576 2.23921824
15086012 86.1625 0.20373954781445 0.000335298196921086 2.02372193
15086013 86.1843402777778 0.205297624577035 0.000297265304788989 1.83810592
15086014 86.2202662037037 0.204397597038562 0.000493484400992373 1.66856396
15086016 86.2338078703704 0.212537901808356 0.000422896715369933 1.58998203
15086017 86.2558912037037 0.202070188646267 0.000374763665242451 1.46694005
15086018 86.2767592592593 0.21302217102031 0.000412990177258953 1.37389803
15086044 86.5321643518518 0.213602462510842 0.000659793842553946 3.19482613
15086045 86.5360648148148 0.213077958454712 0.000742485488190922 3.11341190
15086046 86.5402893518519 0.20538766072208 0.000306598661176182 3.06594610
15086050 86.5600694444444 0.208324787989554 0.000566249846157442 3.01018190
15086051 86.5661805555556 0.211810349385088 0.000392640766086186 2.84289622
15086054 86.5897685185185 0.18908858292045 0.000302953422663845 3.05837393
15086055 86.6055324074074 0.204778941604444 0.000340140692210262 3.08104181
15086058 86.6250462962963 0.207396992747201 0.000368992321831048 3.05071807
15086059 86.639837962963 0.192771714950184 0.000504009438097145 3.07420802
15086060 86.6496875 0.201038139023656 0.000570804714455125 2.83146000
15086061 86.6562847222222 0.196554144919421 0.000289719036684281 2.97584987
15086062 86.6763078703704 0.200156239465777 0.000295194347967795 2.78030396
15086063 86.7009027777778 0.205177633336379 0.000306017916819449 2.66183996
15086064 86.7215393518518 0.194413963895274 0.000295853596226349 2.50071001
15086065 86.7445717592593 0.194114670836333 0.00065138745976718 2.57548189
15086066 86.751400462963 0.203859583472215 0.000306651110331864 2.63673615
15086067 86.7741203703704 0.200871064019117 0.000359376812189126 1.90768802
15086068 86.7928819444444 0.196748971755909 0.00031493307230604 2.37267613
15086069 86.8151388888889 0.193587744799348 0.00030511931824537 1.43820608
15086072 86.8401157407407 0.211894910822734 0.000384331212887599 1.67630398
15086073 86.8615625 0.200580294164761 0.000414481987088907 1.20783007
15086074 86.8804861111111 0.209204673658026 0.000356844020512345 1.59560406
15086075 86.9022106481481 0.201159526955926 0.00177800534367884 1.51910400
15086077 86.9090740740741 0.202103249751473 0.000412661632361682 1.49788189
15086078 86.9257175925926 0.207850285842934 0.00133904274321971 1.46056807
15086079 86.9281018518518 0.20709892333924 0.000727652734928623 1.45417798
15086082 86.9987731481481 0.202066584492491 0.00029493503899051 3.59751010
15087001 87.0172685185185 0.198576371028486 0.000262862656177763 3.35355020
15087002 87.0402893518519 0.20546289056278 0.000258119800956763 3.36151195
15087004 87.0700925925926 0.203251584936861 0.000245214672456445 3.31333804
15087005 87.0973726851852 0.203577457261742 0.00169823085356851 3.02513409
15087006 87.1015046296296 0.205074802108959 0.000266916257389156 3.01549196
15087007 87.126099537037 0.198157247246912 0.000264107967704435 3.12595797
15087008 87.1500578703704 0.20456266388921 0.000279176934304019 2.96645999
15087009 87.1744444444444 0.193567114764336 0.000282530776099841 2.76733184
15087010 87.1976388888889 0.206268310643479 0.00031678100650541 2.57597375
15087011 87.2197453703704 0.206082616806951 0.000722391836955774 1.36597812
15087012 87.2261689814815 0.203155752873376 0.000330908643458625 2.17271399
15087013 87.248287037037 0.205808686390622 0.000459178241580217 1.95361185
15087016 87.2731365740741 0.201975339533072 0.000344770629505842 1.73932803
15087017 87.2956828703704 0.207459290409246 0.000358440207637612 1.53398407
15087018 87.3182986111111 0.208679913038267 0.000532494243885862 1.37215805
15087019 87.3311574074074 0.206112492359866 0.000393981246163203 1.25401807
15087020 87.3530324074074 0.215643455064911 0.000514904198732736 1.10904002
15087022 87.3854398148148 0.211617142186569 0.000519810060257425 1.25612402
15087036 87.5429282407407 0.195148611391682 0.000403991513521795 3.84798002
15087037 87.5605324074074 0.20028813082619 0.000423259990440673 2.89619994
15087038 87.5841782407407 0.198983801510186 0.000264977375266679 2.96848822
15087039 87.606875 0.1927515345818 0.000250881478326622 3.19063210
15087040 87.6303472222222 0.196421917849368 0.00025639438155493 3.23950815
15087041 87.6517939814815 0.185790967641013 0.000252381628964841 3.24513602
15087042 87.6731481481481 0.203542024150209 0.00026522920178848 3.18746400
15087043 87.6959953703704 0.209054661966833 0.00040733564316375 3.02554798
15087046 87.707650462963 0.210628642921792 0.000288916067467953 2.95377636
15087047 87.7292824074074 0.193948595963383 0.000275923987174017 2.72075367
15087049 87.7511921296296 0.197212688042663 0.000273141788874033 2.99043608
15087050 87.7728935185185 0.193903061373892 0.000599370324327301 2.78574014
15087052 87.7785185185185 0.204369874402676 0.000538418303826554 2.85742807
15087055 87.8344791666667 0.211793120550485 0.000690542702112684 1.78456187
15087056 87.8402083333333 0.196791766283298 0.000310614431506557 1.80548406
15087057 87.8633449074074 0.220078770449945 0.000984757279943826 1.86224413
15087058 87.8822337962963 0.195915710924881 0.000633503893822866 1.97694612
15087059 87.8880324074074 0.207148147769029 0.000659709600269201 1.98706198
15088003 88.0151851851852 0.209123235485127 0.000268022510687511 3.87423015
15088004 88.0334606481482 0.201043768633576 0.000226682219203988 4.48516226
15088005 88.0582291666667 0.192423384696552 0.000223959225545603 5.07733774
15088006 88.0802430555556 0.198077530816839 0.000238816243370452 4.68307209
15088007 88.1019791666667 0.205907742943019 0.00026194039679447 3.72230411
15088008 88.1239699074074 0.199065652558776 0.000247472773232014 3.03105617
15088013 88.1574074074074 0.190407420409503 0.000251773773270029 2.63561392
15088014 88.1841666666667 0.208900576621122 0.000304375057106462 2.51031017
15088015 88.20625 0.210680319850272 0.000314713773499969 2.41049385
15088017 88.2288773148148 0.202414478374321 0.00030668734427421 2.34856200
15088019 88.2507638888889 0.210535400459172 0.000310674942513228 2.29619408
15088020 88.274375 0.207244851318377 0.000340896015994537 1.96560001
15088037 88.5148726851852 0.20413068817866 0.00026560438784704 4.59964228
15088039 88.5312384259259 0.191406707810708 0.00052081940044841 4.69925404
15088041 88.540625 0.19118519396746 0.000449448362899062 5.03217030
15088042 88.5461689814815 0.208666993246724 0.000206066152658623 5.16994810
15088043 88.5693981481482 0.193069473057616 0.000433962605422215 5.26531792
15088044 88.576712962963 0.208057570056844 0.000256503179414656 5.06860209
15088048 88.6667361111111 0.208421148542162 0.000272362937469658 4.18896627
15088057 88.7917824074074 0.202936901661965 0.000215166598548509 4.35347366
15088058 88.8108217592593 0.197563906292977 0.000240529468138167 4.65791368
15088059 88.8264814814815 0.200140882445908 0.000293577590441561 5.10218382
15088060 88.8374305555556 0.189279009344575 0.00020299678913125 5.28447628
15088061 88.8590740740741 0.197887665507253 0.000223894378873476 4.84702206
15088062 88.8807523148148 0.208549011664676 0.000290706706003986 3.83494210
15088063 88.8987731481482 0.192752590677603 0.000311584346743496 3.08284211
15088064 88.9156134259259 0.199791948308847 0.000294576718865614 2.53667378
15088066 88.9388194444444 0.199482283560254 0.000306263691391055 2.36014795
15088067 88.9593171296296 0.197451348317968 0.000360111578550325 2.32660198
15088068 88.9761111111111 0.19098067211469 0.00029017111108921 2.40586805
15088069 88.9978125 0.201098517213615 0.000292684212618247 2.57070017
15089002 89.0197222222222 0.191436157600007 0.000272342235834624 2.40371394
15089004 89.0454398148148 0.199035490183344 0.00031182070103557 2.17750192
15089005 89.0674074074074 0.194409310510501 0.000317169200050056 1.99920607
15089006 89.0890277777778 0.197646900306109 0.000330102435572653 1.95172811
15089007 89.1107291666667 0.198482097923705 0.000324987977631436 1.69410598
15089008 89.1347569444444 0.194246841743502 0.000317872394368077 1.64739597
15089009 89.1592592592593 0.204210704193715 0.000294456380112192 1.76715612
15089010 89.1875231481482 0.197134439766412 0.000573854293748854 1.57958400
15089028 89.5335532407407 0.197419120570498 0.00040434999227743 3.01528811
15089029 89.5455555555556 0.198935259052245 0.000475789356254985 2.99724603
15089030 89.5561689814815 0.202852930226269 0.000276102483594278 2.92448401
15089031 89.5792592592592 0.200818596928912 0.000430023700368215 2.54570389
15089032 89.5897685185185 0.187517202511558 0.000274912178736137 2.41563010
15089033 89.6159722222222 0.196721367776048 0.000324775825720522 2.11179614
15089034 89.6359143518519 0.197883360138613 0.000310119825703904 2.12764812
15089036 89.6587152777778 0.197538776495976 0.000401842048813132 2.37513614
15089037 89.672337962963 0.211541978707666 0.0003117032059917 2.42271614
15089038 89.6939467592593 0.207009013273426 0.00042600080562679 2.12440801
15089039 89.709212962963 0.210029770367417 0.00032144947288914 1.99199998
15089040 89.7308796296296 0.203765260460416 0.000318979030492579 1.98286200
15089041 89.7524421296296 0.200672161743904 0.000588837268989829 1.85155201
15089042 89.7604398148148 0.198097301832489 0.00033368903808736 1.80381000
15089044 89.7836111111111 0.205545716403767 0.000384053695370009 1.53655195
15089045 89.8013194444444 0.219390203139706 0.000333417908251783 1.51492202
15090008 90.1211805555556 0.205163708079768 0.000305221691293175 2.99263191
15090010 90.1397106481482 0.195877326404723 0.000269625398833916 2.84912395
15090053 90.6929166666667 0.195339082146165 0.000276884319365799 3.22277403
15090054 90.7143518518519 0.197229706501492 0.000281229744706587 2.93829012
15090056 90.7378472222222 0.197992209772629 0.000285857341153792 2.79537606
15090057 90.7593287037037 0.211630656546503 0.000357448228252574 2.67745209
15090058 90.7763310185185 0.208004971463983 0.000304200163202464 2.57208014
15090059 90.7980208333333 0.207867318611809 0.00106950931473341 2.50720191
15090060 90.8020138888889 0.210389346082727 0.000306786831966488 2.49885607
15090062 90.8238078703704 0.206283656236476 0.000320193040412255 2.32746601
15090063 90.8445138888889 0.217147884141079 0.000310842144271248 2.19701385
15090064 90.8698611111111 0.217234169255022 0.000333228021388617 1.95884395
15090065 90.8916087962963 0.218810378447959 0.000343433759335258 1.92764997
15090066 90.9123611111111 0.212516614414604 0.000338725732078084 1.85954404
15090067 90.9340972222222 0.210759639115918 0.000620425595351295 1.75085402
15090068 90.9418055555556 0.218558577269622 0.00121257345390094 1.00147200
15091030 91.5789699074074 0.214851134417439 0.000470070695814755 2.55267620
15091032 91.5945717592592 0.220116370181544 0.000368738369552282 2.13450599
15091033 91.614224537037 0.211998730018103 0.000356725468703673 2.40609598
15091034 91.6394675925926 0.225703485189244 0.000383847767170199 2.76064825
15091036 91.6560648148148 0.215773024264016 0.000287471162182457 2.77138186
15091037 91.6783912037037 0.215414964504778 0.000290323568867544 2.76926994
15091038 91.7004282407407 0.214170246236545 0.000314100920505287 2.70860386
15091040 91.7219097222222 0.210786664442129 0.000301988267286283 2.58885002
15091041 91.7431481481481 0.216460152891998 0.000305502729630015 2.44781995
15091042 91.7647916666667 0.209523402288459 0.000295920201597552 2.33618402
15091045 91.7921990740741 0.219812608141663 0.000319430597980856 2.14335012
15091046 91.8146875 0.209618433268989 0.000266875354562214 1.97866809
15092016 92.224525462963 0.203361524115101 0.000325450049938194 2.92168784
15092017 92.2413078703704 0.201806052407702 0.000494474552693064 2.76637197
15092018 92.250150462963 0.215173600037342 0.000315183655001017 2.68297815
15093009 93.1900231481481 0.208379742752933 0.000680239948888931 2.95666814
15093010 93.1977662037037 0.205082971201639 0.000617410249560181 2.87209201
15093011 93.2031597222222 0.20926977520757 0.00149622899344892 2.83037376
15093012 93.2090046296296 0.202779766788716 0.000522940521815645 2.77166390
15093013 93.2166666666667 0.197531201800425 0.000265640659252423 2.72244596
15093015 93.2396064814815 0.206747717355525 0.000292268645609476 2.53771186
15093016 93.2595717592592 0.203033186288844 0.000430530146380369 2.41330814
15093017 93.2695833333333 0.207978203234893 0.000296280255102211 2.33917809
15093018 93.2904166666667 0.206674722070561 0.000436749974674601 2.19231009
15093043 93.6663078703704 0.210476027533237 0.000253930737323361 3.34488010
15093044 93.6885069444445 0.215103468997338 0.000279059936884266 3.12921596
15093045 93.7091666666667 0.214268541233121 0.000283646091101541 2.93666983
15093046 93.7296180555555 0.215093135095776 0.000278947343738073 2.73733187
15093048 93.7526157407407 0.214178718935914 0.000290558292032961 2.54712009
15093049 93.7733217592593 0.215976169481396 0.000292262011396624 2.37901211
15093050 93.7947569444444 0.209491849094561 0.000291357228936188 2.21609402
15093051 93.8166319444445 0.21577856415287 0.000307626003603482 2.08569002
15093052 93.8379398148148 0.218593486210705 0.000290351737896326 1.94940007
15093053 93.8620023148148 0.214318847793606 0.000357866509039909 1.85319591
15093054 93.8779976851852 0.213602505680442 0.000555678833934167 1.71852005
15094010 94.1498263888889 0.214984352692066 0.00025388191903784 3.25907993
15094011 94.1726967592592 0.21061362944215 0.000259515801914734 3.11110210
15094012 94.1947685185185 0.215481660924942 0.000276167174329154 2.85403800
15094013 94.2163194444444 0.222267980059548 0.00028444091282538 2.71371007
15094014 94.2381134259259 0.208694255929695 0.000279386652250429 2.57060385
15094015 94.2597337962963 0.22478324613379 0.000300180117257358 2.38608623
15094016 94.2821064814815 0.222729467467892 0.0003061545577719 2.24750400
15094017 94.3034953703704 0.220734593428586 0.000304822767966333 2.14221001
15094019 94.3258564814815 0.220131253240103 0.000303111605398046 2.03672385
15094020 94.3477777777778 0.229402030498027 0.000360152251776113 1.90244401
15095020 95.3922685185185 0.215042916921923 0.000293515802043824 2.40812993
15095021 95.4153356481481 0.216615404065362 0.00029703124637315 2.32480812
15095022 95.4373032407407 0.220720458979873 0.00029906614989773 2.19616795
15095023 95.4601273148148 0.216310156149792 0.000309698225593387 2.07407999
15095024 95.4816898148148 0.220992887759375 0.000343088854922136 2.02138805
15095025 95.503599537037 0.228652254507631 0.000327578486192027 1.93584001
15095026 95.5252083333333 0.222205000735996 0.000326088480844746 1.81995606
15095027 95.5468171296296 0.219877500967494 0.000391564029851587 1.63470602
15095028 95.5624074074074 0.224071934659575 0.000408237918820104 1.53153002
15096025 96.3340277777778 0.223839703106902 0.000406143458231499 2.39798999
15096026 96.3491898148148 0.223541094936403 0.000298829695755871 2.32381797
15096027 96.3709143518519 0.216610531641408 0.000339080525640442 2.19641995
15096028 96.3950578703704 0.217797445123767 0.000679038692365595 2.05684805
15096029 96.407662037037 0.216902732747785 0.000297989825919256 1.97285998
15096030 96.4305208333333 0.226405819773578 0.000303266680356516 1.84379411
15096031 96.4547106481481 0.21255155089097 0.000317294888427276 1.78680003
15096032 96.4764351851852 0.21540626020992 0.000417951193630414 1.64350796
15097006 97.0579976851852 0.206469783208619 0.000287483179966894 2.39200807
15097007 97.0800115740741 0.212428771276362 0.000286706318253619 2.27478600
15097008 97.1040393518519 0.212222314913522 0.000294232072565323 2.13182998
15097009 97.1267708333333 0.213560593319724 0.000565111218739885 2.04918003
15097010 97.1336574074074 0.214610405342247 0.000302511734893352 2.03151608
15097011 97.1553472222222 0.213554596567806 0.000306258857803818 1.88617814
15097012 97.1773726851852 0.211277731056827 0.000309759919534938 1.75136399
15097013 97.1992476851852 0.207988439185116 0.000325492585850969 1.64620805
15097034 97.5685416666667 0.209288583554586 0.000278842816499196 2.38180804
15097039 97.6284375 0.209895300530084 0.000509629378688518 2.01265812
15097040 97.6378472222222 0.213969868023806 0.000311907461953469 1.95525599
15097041 97.660625 0.211059710716109 0.000311548872629574 1.82538605
15097042 97.6837037037037 0.207762353288709 0.000324279769572778 1.70204997
15097043 97.7053587962963 0.208319299106972 0.000350070919525471 1.60290599
15097044 97.7251388888889 0.213540443711572 0.000340420323657312 1.51580393
15097046 97.7480324074074 0.213447971788491 0.000361994564761525 1.43156993
15097049 97.7745023148148 0.210843240149981 0.000655244571037208 1.32210004
15097050 97.7815046296296 0.207968194011064 0.000356148731608906 1.32624006
15097051 97.803275462963 0.219770276124531 0.000578677554771457 1.22311199
15097054 97.8168171296296 0.214505050398575 0.000377450534514179 1.15973997
15097055 97.838125 0.223337201452057 0.00058000366389041 1.10946000
15097056 97.8502546296296 0.221291665917904 0.00039809843332932 1.07928598
15097057 97.8716550925926 0.222166827498238 0.000680016161614265 1.01458204
15097059 97.8829513888889 0.207496763073025 0.00427687324169789 1.00000000
15097061 97.8895833333333 0.215217730062128 0.00040540700236358 1.00000000
15097062 97.9113310185185 0.216037947409516 0.000420045077089225 1.00000000
15097063 97.9330671296296 0.225852248580393 0.000421314931767336 1.00000000
15097064 97.9565162037037 0.22227549094293 0.000765158479157549 1.00000000
15097065 97.9640046296296 0.225523715851047 0.000439059305944894 1.00000000
15097066 97.9867013888889 0.222872177197291 0.000536769058275283 1.00000000
15098001 98.005462962963 0.221556921662564 0.000592148290045286 1.00000000
15098002 98.0199074074074 0.224606582874578 0.000850356316705104 1.00000000
15098003 98.0270138888889 0.2223652985631 0.000451906060302961 1.00000000
15098005 98.055787037037 0.220018778900801 0.000469255203099397 1.00000000
15098029 98.4034837962963 0.218727848746956 0.00031495362824581 2.36991000
15098035 98.4434259259259 0.21486655559483 0.000303722556911644 2.19692397
15098036 98.4663194444444 0.223503134354083 0.000334473316744943 1.95479405
15098037 98.4894675925926 0.217060268498897 0.000323424540990944 1.85843396
15098038 98.5108449074074 0.22822629772174 0.000331377294791449 1.72811997
15098039 98.5328935185185 0.225947091974342 0.000502334395077295 1.45055997
15098042 98.5723958333333 0.215718382226509 0.000533094000657848 1.38980412
15100031 100.373935185185 0.216745744053664 0.000693371782465109 2.43012619
15100032 100.378310185185 0.212854678459014 0.000289078037148772 2.36732388
15100033 100.400625 0.231439666415121 0.000498198073491974 2.21747994
15100035 100.414409722222 0.222775363782185 0.000444869862937757 2.04294014
15100036 100.425416666667 0.220641668240031 0.000308475918631849 1.98815393
15100037 100.447106481481 0.22549298686256 0.000313131234932177 1.85973012
15100038 100.46900462963 0.223277413666447 0.000312877973154639 1.83004200
15100039 100.491493055556 0.235232022299266 0.000384299765316556 1.73722196
15100040 100.512858796296 0.215161296848152 0.0011155917734548 1.03339195
15100100 100.853344907407 0.210258348679907 0.00112612010275666 1.00000000
15100101 100.859328703704 0.226918803330916 0.000531474619424082 1.00000000
15100102 100.88130787037 0.215981068036181 0.000993192783561686 1.00000000
15100103 100.888032407407 0.23817740750815 0.00134503601736051 1.00000000
15101014 101.294039351852 0.197974048008504 0.000294592030119649 2.35854006
15101015 101.315659722222 0.205218495038836 0.000483741131415345 2.21378994
15101016 101.324490740741 0.207669216801832 0.00031083933990582 2.13694191
15101017 101.345856481481 0.196842902685019 0.000518279579161475 1.98373806
15101018 101.355023148148 0.198609169678762 0.000308476868595496 1.93761599
15101019 101.377025462963 0.207626771022128 0.000497102674900746 1.80890417
15101020 101.390740740741 0.206918059243785 0.000332860922530074 1.74031794
15101021 101.413726851852 0.213439251967378 0.000330030320850244 1.64773190
15101022 101.435775462963 0.215879635616144 0.000931220347922366 1.56667185
15101023 101.440405092593 0.211061425613422 0.000346365295725984 1.54951811
15102019 102.392303240741 0.203304274529455 0.000359168219052848 2.28661203
15102020 102.41130787037 0.214923255595734 0.000312679031714788 2.18349004
15102021 102.432824074074 0.159806216354496 0.0195458824857418 2.00771403
15102022 102.433912037037 0.212798546056585 0.000317903545886888 2.01573610
15102023 102.455335648148 0.223689764431481 0.000386090125238259 1.93852198
15102024 102.473240740741 0.00738186005037293 0.00647799639101499 1.85875809
15102026 102.475173611111 0.204493400426845 0.000354800524607165 1.84118998
15102056 102.843391203704 0.215851823856879 0.000311071348892756 2.28291011
15102057 102.865798611111 0.223237518329391 0.000301024949344304 2.15515804
15102058 102.890405092593 0.216941070177787 0.000333028228184413 2.01550198
15102059 102.910520833333 0.212957576804747 0.000351884896223413 1.88410807
15102060 102.9284375 0.223296662774419 0.000337223905081283 1.79036999
15103024 103.466400462963 0.201637696018349 0.000307446923212291 2.45150995
15103025 103.487824074074 0.207989592745017 0.00035264819338641 2.24515820
15103026 103.504525462963 0.211534775087888 0.000518320676571123 2.23925400
15103027 103.512476851852 0.206234316638788 0.00030536056177043 2.19349813
15103028 103.533993055556 0.203893829447608 0.00030387802010766 2.06006384
15103029 103.555625 0.203627242496994 0.000459075321972669 1.89931810
15103030 103.566805555556 0.200131136024591 0.000330202985687175 1.87465811
15103031 103.586284722222 0.21918441288747 0.00036775898200208 1.78993189
15103060 103.95025462963 0.203011353015923 0.000296229814999839 2.42820001
15103062 103.973726851852 0.200202581264252 0.000333068366957855 2.28463197
15103063 103.995601851852 0.207539341253193 0.000955784506756467 2.14383602
15104016 104.313587962963 0 0.01056972447245 1.57036197
15104017 104.314861111111 0.221024360979777 0.000333321212184105 1.48053598
15104018 104.336493055556 0.196942235718032 0.0208055074635265 1.56088805
15104019 104.337349537037 0.212475376467491 0.000327197121811798 1.56844187
15104020 104.358738425926 0.205584900452603 0.000320306457036485 1.60238409
15104021 104.380011574074 0.220125955652025 0.000332349804861293 1.59507596
15104022 104.401377314815 0.217504813931487 0.000343408551366709 1.55726409
15104023 104.422835648148 0.230266232219623 0.000343687118965595 1.41875398
15104024 104.446388888889 0.210468724858195 0.00042180541954168 1.30039203
15104066 104.919699074074 0.228033597208199 0.000325322808208572 2.38595510
15104067 104.94119212963 0.225000393587262 0.000320924027262211 2.20213604
15104068 104.962650462963 0.227796420431478 0.00118058020236658 2.08697414
15104069 104.966388888889 0.223786963859969 0.00030068968534796 2.02811503
15104070 104.991689814815 0.219745926843126 0.000315969422176199 1.88710904
15105001 105.013923611111 0.228572016881604 0.000410229901885817 1.75959301
15105002 105.029247685185 0.227971837511139 0.000309362666542655 1.70080507
15105003 105.054143518519 0.230283063366622 0.000326153417178701 1.57733595
15105004 105.077118055556 0.219522806224454 0.000334654348151737 1.38187301
15105005 105.099236111111 0.226726012438505 0.000337104856003564 1.39436901
15105006 105.122037037037 0.234627162870137 0.000356904091899004 1.28985703
15105008 105.146493055556 0.239319984529362 0.000756674179448188 1.19407797
15105023 105.410034722222 0.228107646312361 0.000311431783950687 2.28108788
15105024 105.431469907407 0.237807992670095 0.000336716778701058 2.17842197
15105025 105.455243055556 0.228081852083732 0.000360454776434669 2.67728996
15105026 105.480810185185 0.226196472282158 0.000327116112530346 2.47959495
15105028 105.50318287037 0.237650574265179 0.000340191710738858 2.24959993
15105029 105.525011574074 0.22662413907164 0.000527183620617123 2.14148998
15105030 105.538900462963 0.236138736176381 0.000359545985347095 2.03679991
15105031 105.561805555556 0.237295637678718 0.000441946107526595 1.21533489
15105032 105.57943287037 0.235507332825092 0.000380858606338484 1.50470495
15105033 105.600775462963 0.242203208491047 0.000756808305766267 1.50926495
15105068 105.901944444444 0.227293754425779 0.000306247293974384 3.10925484
15105070 105.924490740741 0.222681622891162 0.00030819857554199 2.92324495
15105071 105.946168981481 0.227675738729348 0.000313835297805529 2.76487970
15105072 105.968101851852 0.231227209112144 0.000331924084467571 2.60774994
15105073 105.989907407407 0.224220706855984 0.00032972594737884 2.42563486
15106001 106.011331018519 0.231924748689395 0.000338703582148418 2.27049994
15106002 106.033078703704 0.224338531477957 0.000345995839128158 2.12201500
15106005 106.068541666667 0.225643808266884 0.000443591041404068 1.88442004
15106008 106.168865740741 0.23478094144155 0.000522934621908793 1.46185994
15106009 106.181238425926 0.232072268343193 0.000390966775204892 1.40524006
15106010 106.203009259259 0.230571114607411 0.000397993659472819 1.34605503
15106011 106.224548611111 0.238833606760537 0.000468466249184552 1.31498992
15107008 107.143518518519 0.23336512165395 0.000295090181893635 3.09509969
15107009 107.166111111111 0.232724504725993 0.000307209539597953 2.87089992
15107010 107.187696759259 0.23188487557077 0.000322213849212762 2.70322490
15107011 107.210081018519 0.234042593974488 0.000317377028297975 2.53250980
15107012 107.231666666667 0.220443034148337 0.0003432443714582 2.35856485
15107013 107.266215277778 0.225108943316109 0.00037285889220383 2.17208004
15107014 107.289212962963 0.222685969351049 0.000324130940627857 2.03119493
15107015 107.310706018519 0.222580620435194 0.000628155946038946 1.89762497
15107087 107.9378125 0.212410939849014 0.000277509456749804 3.11181974
15107088 107.961886574074 0.2084551579055 0.000664898212068117 2.98262000
15107089 107.966516203704 0.222490669113244 0.000300595319872071 3.00551486
15107090 107.987951388889 0.213362547982556 0.000297351062209056 2.82140493
15108001 108.009733796296 0.217347375497987 0.000287124103144632 2.74768496
15108016 108.383321759259 0.211862687326973 0.000279807449092313 2.94661498
15108017 108.408159722222 0.204244845426805 0.00052837290094921 2.77152991
15108020 108.425659722222 0.210461371546755 0.000942188047101767 2.77352476
15108022 108.436759259259 0.203407537271313 0.000285464106523744 2.70835471
15108023 108.459108796296 0.221992519825317 0.000293312989575095 2.66522503
15108024 108.482928240741 0.217303783598586 0.000309814496361772 2.53041983
15108025 108.504201388889 0.213235705346273 0.000379317503208197 2.24903011
15108027 108.519166666667 0.219308556738347 0.000319582099595468 2.24124002
15108028 108.540219907407 0.219505563673739 0.000609166642162525 2.14861488
15109006 109.085069444444 0.22131947858647 0.000295322424433316 3.14725494
15109007 109.106574074074 0.211274704126519 0.000286576155268662 3.02603483
15109008 109.128206018519 0.225543110759702 0.000297396280105358 2.92267489
15109009 109.150844907407 0.215738185534398 0.000285711197902357 2.77134013
15109010 109.174884259259 0.217091705980327 0.000305399466983026 2.58846498
15109011 109.196122685185 0.215058582532288 0.00030565905460532 2.53554988
15109012 109.217708333333 0.223407358953974 0.000319301770371965 2.34621501
15109013 109.239189814815 0.224007976338788 0.000356394652483379 2.30422497
15109038 109.656493055556 0.217191221371907 0.000365657093513968 3.02033472
15109039 109.675324074074 0.218024993908794 0.000349188261617507 2.99344993
15109040 109.694479166667 0.206853380982518 0.00301010027668165 2.85170984
15109041 109.695532407407 0.219462443004571 0.000322317989736649 2.86263490
15109042 109.71474537037 0.222271490021443 0.00121493500385347 2.73846984
15109043 109.718078703704 0.221380322521332 0.000406404168367309 2.66750479
15109045 109.732696759259 0.221944960580039 0.000702393645996319 2.57820487
15109046 109.737696759259 0.223187170022364 0.000360662131288279 2.56547475
15110008 110.093101851852 0.211373148799332 0.000295853864569575 3.10393500
15110009 110.114861111111 0.207928573623971 0.000286590065241362 3.00722504
15110010 110.136458333333 0.211727882900352 0.000293789945321389 2.95250487
15110011 110.15849537037 0.207531429767715 0.000291436858136125 2.80895996
15110012 110.180104166667 0.219845893251362 0.000295390395924747 2.66664982
15110013 110.203298611111 0.209761356832372 0.000462471202478249 2.52291489
15110031 110.57162037037 0.21564063349291 0.000322622535926037 3.03125978
15110032 110.612094907407 0.212220286668922 0.00604024173243076 2.62912512
15110033 110.614953703704 0.20644198854765 0.000292947845168711 2.59910488
15110034 110.636157407407 0.220105865281676 0.000385738265530654 2.39675498
15110035 110.651319444444 0.215429086199966 0.00045790111592734 2.35153484
15112005 112.082650462963 0.215371824184685 0.000290975788029666 2.97311974
15112006 112.104131944444 0.218058068116069 0.000297550485404105 2.72583485
15112007 112.125740740741 0.222946801860015 0.000727206475558204 2.58362007
15112028 112.494583333333 0.209917565193407 0.000289893290932236 3.18753481
15112029 112.516365740741 0.223620039642568 0.000313488202506476 2.92343473
15112030 112.537766203704 0.217642001156853 0.00035080092647839 2.83460999
15112031 112.558298611111 0.221720601347184 0.000340013044584278 2.69657493
15113001 113.004976851852 0.221293799138511 0.000368861235028524 2.95915508
15114053 114.888900462963 0.218002714329988 0.000294431983757724 3.09681010
15114054 114.910590277778 0.228438665394949 0.000310691257107227 3.01415992
15114055 114.932523148148 0.222969588920132 0.000304476605925291 2.79926991
15114056 114.955416666667 0.226880163682894 0.000505762758017935 2.77884483
15114057 114.966979166667 0.231947811528287 0.000359311262290267 2.72450495
15114058 114.983761574074 0.226531120720217 0.000578362313445664 2.61991000
15115085 115.925543981481 0.216431979252348 0.000289225936216773 3.00181007
15115086 115.9471875 0.226571657880445 0.000300038964131953 2.87574482
15115087 115.969027777778 0.223747666752528 0.000397746873057211 2.73780489
15115088 115.982199074074 0.217185326629045 0.000798596319125663 2.60594487
15116039 116.515509259259 0.228976979366746 0.000299506051347374 3.05985498
15116040 116.537002314815 0.225470999525504 0.000307103421702323 2.87374997
15116041 116.558645833333 0.21705979823016 0.000298471086471979 2.66531992
15116042 116.58025462963 0.214887067578589 0.000357600661434903 2.57944012
15117003 117.037488425926 0.217748038756586 0.000319844609064237 2.97691989
15117004 117.055520833333 0.222381058684708 0.000326566953545747 2.81009984
15117005 117.074398148148 0.208677067444639 0.000417689501640288 2.54761481
15117066 117.780891203704 0.203758679180056 0.000267764251706608 3.03344488
15117067 117.80369212963 0.211096900063577 0.000278226457447677 3.09215474
15117068 117.826354166667 0.216714433322788 0.000285240582799621 2.91744995
15117069 117.848703703704 0.210086117377497 0.000276847595933854 2.76934481
15117070 117.872824074074 0.212409655357486 0.000294322037114435 2.62313986
15118019 118.337523148148 0.208716198075981 0.000282564429698741 3.16160011
15118020 118.359166666667 0.201388680731775 0.000279669035196503 2.91963506
15118021 118.38068287037 0.213657095228798 0.000294175538008458 2.73751974
15118022 118.402268518519 0.218527800250706 0.0003000748905786 2.56547475
15118023 118.423831018519 0.220603448385901 0.000313356791455565 2.41433001
15118024 118.445405092593 0.215935889537725 0.000452469561477278 2.34517002
15119010 119.047106481481 0.212554679272488 0.000415286488133641 3.06792998
15119011 119.059768518519 0.213020961988053 0.000286412479339998 2.92409992
15119012 119.081840277778 0.210099887564724 0.000287380607755216 2.78701472
15119013 119.103564814815 0.209484844502186 0.000289328230263841 2.68004489
15119014 119.12568287037 0.219322401849352 0.000311456076442295 2.51037502
15119015 119.146990740741 0.214238424712396 0.000474991501264024 2.41879487
15119035 119.565706018519 0.213712613546693 0.000273464326515703 3.02318478
15119036 119.589525462963 0.208654950655603 0.000310899170627092 2.83926487
15119065 119.989328703704 0.218791028321994 0.000285413888912317 3.06222987
15120001 120.011469907407 0.214100503364828 0.000289467896833517 2.85427499
15120002 120.032939814815 0.215165942147569 0.000293150451523232 2.69448495
15120004 120.0575 0.210798233399385 0.000281194811671227 2.56272006
15120005 120.081956018519 0.218662836990165 0.000292135556187836 2.37281489
15120006 120.106111111111 0.204305951486035 0.000304544520988342 2.27030993
15120007 120.127453703704 0.214249604047865 0.00030964525420568 2.12020993
15120008 120.149108796296 0.222180174387832 0.000321287451953441 2.02834487
15120009 120.170659722222 0.21606812651089 0.000321281585608154 1.91728985
15120011 120.227164351852 0.220837220957554 0.000472973340553758 1.08299994
15121006 121.100115740741 0.228715795058174 0.000301305601002449 3.03876495
15121007 121.121736111111 0.23539427629227 0.000312503350566438 2.88344002
15121008 121.14318287037 0.233881302185912 0.000299766370839439 2.72630978
15121009 121.1678125 0.234749345806611 0.000315154309037098 2.48852491
15121010 121.189606481481 0.241409004560515 0.00048766349145404 2.39646983
15121012 121.205092592593 0.2322683299465 0.000321792470952611 2.32693005
15121013 121.226643518519 0.233448198675627 0.000317857596070546 2.19326496
15121015 121.251041666667 0.23912927445374 0.000373925856065765 2.08515477
15121016 121.268657407407 0.237502378655176 0.000336525833597629 1.96706998
15121017 121.290798611111 0.242034587507695 0.000345283675751529 1.82627988
15121018 121.312986111111 0.236890056416447 0.000308882610053812 1.72026002
15121062 121.771689814815 0.00367196197363367 0.00237045245349845 3.14203000
15121077 121.978865740741 0.243966629764928 0.000308766405750912 3.10612011
15121078 122.000497685185 0.235863819953372 0.000296210909618748 2.96285987
15122003 122.028043981481 0.237421964891506 0.0003147230094295 2.73581004
15122004 122.050034722222 0.241176930500644 0.000326517977110743 2.52861500
15122006 122.07337962963 0.23860304891598 0.000320918253026964 2.38212490
15122008 122.099733796296 0.232846368891756 0.000325433570643575 2.25567985
15122010 122.123148148148 0.237894318990656 0.00034039908011925 2.12258506
15122011 122.145208333333 0.252086539240533 0.000452088665403789 2.01418996
15122042 122.565416666667 0.232175141061609 0.000246539184457066 3.10906506
15122043 122.597638888889 0.234357521220959 0.000915010339174707 2.55236506
15122044 122.605231481481 0.231914064953827 0.000288115042149416 2.56176996
15122045 122.630729166667 0.22589173880248 0.00274855469939845 2.58684993
15122049 122.689201388889 0.228865774004207 0.000609005472018239 2.26384997
15123009 123.139988425926 0.228375515684401 0.000288533908712453 3.04484487
15123010 123.165810185185 0.236104890456788 0.000298362004111207 2.85854983
15123011 123.189525462963 0.232684404468658 0.000416351849445654 2.70445991
15123027 123.580763888889 0.234591620603235 0.000287346252925503 2.97169495
15123028 123.609965277778 0.23279686831194 0.000365240157702199 2.69419980
15123035 123.659143518519 0.232284238789009 0.0003250947752986 2.35599995
15123036 123.68099537037 0.235707564039331 0.000309369644101005 2.25833988
15123037 123.705740740741 0.238610215139454 0.000351870232291936 2.15678501
15124005 124.097905092593 0.231055543588875 0.000435805665200728 3.06517482
15124006 124.116215277778 0.229730180429246 0.000305106425953416 2.97653985
15124007 124.137731481481 0.242163191634827 0.000333246055434128 2.76012993
15124008 124.157627314815 0.238326348562499 0.000306089873133146 2.61240482
15124009 124.181898148148 0.246096269840977 0.00110284569714846 2.17055988
15124010 124.187256944444 0.233964996276691 0.000650418341553126 2.25786495
15124040 124.544895833333 0.238196422598382 0.000316443526762085 2.99325991
15124041 124.566076388889 0.24004139332857 0.000271302127516456 2.95022488
15124042 124.595694444444 0.23731717557207 0.000270388096500361 2.70122981
15124043 124.626064814815 0.241410502548606 0.000330236033446089 2.40131474
15124044 124.648414351852 0.234645531046549 0.000791998798056326 2.33833003
15124063 124.997962962963 0.238825193322262 0.000340873739044342 3.06802487
15125001 125.019675925926 0.235943497116975 0.000310248681003778 2.87963986
15125002 125.041099537037 0.242155985445586 0.000324447974834107 2.69894981
15125003 125.062048611111 0.227744458724226 0.00563650482909152 2.50144482
15125004 125.069641203704 0.235003969437501 0.00075478816790514 2.50087500
15125007 125.087025462963 0.245152841411427 0.000388459875897756 2.38829994
15126017 126.3115625 0.226544552152842 0.000301536542585581 3.09937501
15126018 126.333136574074 0.224127138524471 0.000331789927755575 2.90728474
15126019 126.355706018519 0.223491281624237 0.000583682594088624 2.67063999
15126020 126.361759259259 0.221427357174806 0.00177456188703626 2.68156505
15126021 126.36474537037 0.215495437306517 0.000556830900552194 2.63320994
15126022 126.371064814815 0.225750894439854 0.000355259778516477 2.60793996
15126023 126.390358796296 0.231124568502037 0.000327993448541681 2.47209001
15126051 126.826284722222 0.215214338694548 0.00027422852227216 3.07771492
15126052 126.849733796296 0.217096711247471 0.000266539082436596 2.86177969
15126053 126.875520833333 0.219192884944447 0.00033886141549111 2.68080497
15126054 126.892465277778 0.218677607000507 0.000528312885760706 2.55008507
15127013 127.253414351852 0.217597219977926 0.000314306008278983 3.07039976
15128029 128.504675925926 0.217552051681938 0.000244667849214185 3.03553486
15128030 128.537199074074 0.214456318256342 0.000533394793247135 2.88761997
15128031 128.544895833333 0.213638084169926 0.000452266399097017 2.80848479
15128032 128.557511574074 0.223433526199758 0.000254276742505357 2.73333979
15128033 128.590069444444 0.211918162389456 0.000359770580084514 2.52946997
15129009 129.197673611111 0.209304818385386 0.000287556527338913 3.15418983
15129010 129.219351851852 0.2152886145875 0.000291108589450932 2.93217492
15129011 129.242662037037 0.213187480991252 0.000322386692864093 2.82263970
15129012 129.26462962963 0.212609761103614 0.000257634706579437 2.01732492
15129013 129.296539351852 0.213994989629216 0.000249697507086613 2.43266487
15129014 129.328634259259 0.211748464295594 0.000480485812426963 2.36701989
15129015 129.338368055556 0.204285991318588 0.000264798252660492 2.31381989
15129016 129.367418981482 0.217894711929803 0.000271871024483903 2.19449997
15129017 129.398078703704 0.223424231988122 0.000410252449991233 1.95775998
15129018 129.412430555556 0.209333260903565 0.000296524857307726 1.93419993
15129022 129.439722222222 0.225038392551447 0.000534929715555825 1.84660995
15130007 130.118414351852 0.220455659571991 0.000290189113489319 3.12616491
15130008 130.139861111111 0.222936687204606 0.000294873575252537 2.99002981
15130009 130.161631944444 0.217765858949297 0.000298096351280248 2.87878489
15130011 130.184050925926 0.218505267236728 0.000369226156213055 2.73476505
15130045 130.819814814815 0.217117582899154 0.000244106149291479 3.09794974
15130046 130.849074074074 0.225412337131782 0.000256883101191426 2.73989511
15130047 130.878287037037 0.213702990398256 0.000238167908665415 2.55103493
15130048 130.912280092593 0.229345985855497 0.000577675768502461 2.33224988
15131012 131.247372685185 0.215958206508825 0.000306450256201573 2.95108008
15131013 131.268831018519 0.220549716192785 0.00025994740850042 2.73647499
15131014 131.301076388889 0.220640502186794 0.000442506108024133 2.53402996
15131050 131.8778125 0.18834872306304 0.000237860923264779 3.01634502
15131051 131.906296296296 0.196155061538695 0.000278231612854336 2.82529998
15131052 131.928969907407 0.199733887693338 0.000265717258207156 2.59596992
15131053 131.957615740741 0.212629896333834 0.000628385545396971 2.35229492
15132019 132.35619212963 0.185530821291869 0.000224164593885691 3.01862478
15132035 132.865474537037 0.217283651414492 0.000251444086036837 3.06165981
15132036 132.893958333333 0.220068688633469 0.000272901948316131 2.81019497
15132037 132.919039351852 0.21775465927768 0.000251599572013625 2.65354013
15132038 132.949189814815 0.211745703349795 0.000418898281869925 2.46201992
15133018 133.353194444444 0.209180881587695 0.000281980737248821 3.09490991
15133019 133.374456018519 0.208056543788758 0.000279815050134687 2.91811490
15133020 133.396724537037 0.206027153538439 0.000365516573236032 2.74625969
15133021 133.410115740741 0.207981610008646 0.000241582366206686 2.69590998
15134008 134.186631944444 0.206737031502903 0.000287792797620062 2.96760988
15134009 134.207349537037 0.217177827256781 0.000287918784910594 2.78207493
15134010 134.229074074074 0.204074444869732 0.000410309734576322 2.63301992
15136013 136.267118055556 0.216730088289225 0.000285597763957325 3.00608492
15136014 136.289282407407 0.220072668128734 0.000312856611079468 2.86861992
15136015 136.308773148148 0.223402042752574 0.0003018381372747 2.74606991
15136016 136.330636574074 0.228858141660048 0.000283131443440363 2.56870484
15136017 136.356423611111 0.220699223311207 0.000358993111494069 2.43057489
15137038 137.724456018519 0.223516787611867 0.000293963394901885 3.00446987
15137039 137.746111111111 0.233929699828059 0.000419830428245318 2.82187986
15138072 138.908275462963 0.230397575595293 0.000308520676220126 3.07923484
15138074 138.958009259259 0.243801708376713 0.00042772383762314 2.64061975
15138075 138.970185185185 0.241216465230576 0.000270851484071228 2.59834504
15139023 139.560196759259 0.233889569145791 0.000300473434553019 3.15019989
15139024 139.583252314815 0.227185754874858 0.000264889847618337 2.53184485
15139025 139.611944444444 0.221893794588302 0.000251005050648168 2.72004008
15139026 139.643171296296 0.238057116060622 0.000260901653886575 2.44396996
15140004 140.05443287037 0.236325275196113 0.000299522498787685 2.84553504
15140005 140.077199074074 0.237359682955774 0.000299411910442511 2.77057981
15140006 140.100196759259 0.240678993720575 0.00031189403133896 2.59492493
15140007 140.122118055556 0.233297368456644 0.000335552109385362 2.41565990
15140029 140.495335648148 0.227362185572724 0.000295964749396161 3.02375484
15140030 140.517337962963 0.235702687567765 0.000261144291616044 2.86291981
15140031 140.547430555556 0.23729016035557 0.000313100200362884 2.66769505
15140032 140.569236111111 0.232269605831441 0.000315486062608271 2.53402996
15140034 140.606539351852 0.239752962357856 0.000327192246989861 2.31106496
15140035 140.629398148148 0.234425367775369 0.000511827846651331 2.17103505
15140036 140.640289351852 0.240424468727542 0.000382231333568708 2.07128501
15140037 140.657175925926 0.239515778464027 0.000312126222944955 2.00896502
15141004 141.074803240741 0.232656421912459 0.000348096847261029 2.92438483
15141006 141.098819444444 0.229557490883929 0.000340672223544278 2.69904470
15141007 141.120648148148 0.225874831062485 0.000380171205351519 2.64299488
15141009 141.144756944444 0.230817080083802 0.000311881826602129 2.43921995
15141010 141.166666666667 0.232145791953403 0.000319576045908351 2.29120994
15141011 141.188460648148 0.236733786098099 0.000353845512624965 2.17616487
15141012 141.2525 0.239259309597938 0.000796890454762955 1.00000000
15141013 141.257534722222 0.239192074435818 0.00041263162718771 1.82295501
15142021 142.325868055556 0.237333865667407 0.000307455590902374 2.87232494
15142022 142.347858796296 0.224652956347384 0.000369870767340223 2.72687984
15142025 142.366539351852 0.228526516578044 0.000770457194298062 2.56443000
15143037 143.644398148148 0.22684691448547 0.000298643667551095 2.89930487
15143038 143.666550925926 0.23109020712808 0.000381684597812428 2.70673990
15143039 143.6821875 0.239554099245058 0.000319373043891504 2.03110003
15143040 143.707013888889 0.239139133261115 0.000277492984401311 2.17730498
15143041 143.738912037037 0.237782444852103 0.000286377283694194 2.14880490
15144013 144.236423611111 0.226379171160342 0.000295092345144186 3.05900002
15144014 144.258263888889 0.238062141442049 0.000310547875355957 2.85408473
15144015 144.280162037037 0.233001878527827 0.000307295048134366 2.76506996
15144017 144.303321759259 0.236979658873374 0.000387485330596559 2.54238987
15144018 144.318368055556 0.236371323238276 0.000549392180240882 2.42059994
15144054 144.694386574074 0.230945197659499 0.000253551164229352 3.12036991
15144055 144.724583333333 0.23176138108741 0.000281695860376802 2.63074017
15144056 144.750891203704 0.229516995727433 0.000453834043757816 2.66522503
15144058 144.762361111111 0.238589793114525 0.000337662325695011 2.54571486
15144060 144.782314814815 0.230777368408665 0.000401747257570407 2.38734984
15145022 145.378310185185 0.228500239580047 0.000297301755755251 3.08645487
15145023 145.40068287037 0.217071732165937 0.000293141797014325 2.95668483
15145024 145.422858796296 0.227712762341984 0.000303134841500709 2.82520485
15146020 146.217199074074 0.223119954475421 0.000296831807698482 2.87992501
15146023 146.244560185185 0.231659067093518 0.000311179028553379 2.62418485
15146025 146.269085648148 0.23390083357652 0.000292356591254933 2.44435000
15146026 146.295555555556 0.225124725222554 0.000907838915430944 2.32350993
15146059 146.749756944444 0.226831647465195 0.000245279705350819 3.13708973
15146060 146.78056712963 0.226312100129436 0.000239345735829783 2.86757469
15146061 146.813865740741 0.223227010487745 0.000286273427540018 2.60604000
15146062 146.83818287037 0.231013813055224 0.00165018801259894 2.42135978
15147009 147.209363425926 0.225645685684987 0.000285012751448339 3.18572998
15147010 147.233333333333 0.233555736521507 0.000322631572713282 3.01947999
15147011 147.252858796296 0.23672407638466 0.000304984570838011 2.84809995
15147012 147.275532407407 0.242771729998518 0.000309110000776756 2.68916512
15147013 147.2984375 0.236400199031734 0.000301454140864956 2.59711003
15147014 147.322905092593 0.231119538413547 0.00038766173347328 2.50505495
15147015 147.338981481481 0.228391597960732 0.000283003625463353 2.35324502
15150059 150.607060185185 0.228410820064561 0.000298624681134345 2.96247983
15150060 150.629189814815 0.229772247565142 0.000309616727843145 2.81865001
15150061 150.651805555556 0.222477556815158 0.000307085579602841 2.71519494
15150063 150.683171296296 0.233275101758938 0.000604107465201705 2.55720997
15150064 150.690648148148 0.237066689803282 0.000418646726984329 2.51227498
15151019 151.304328703704 0.2272686586385 0.000290610641170443 2.93198490
15151020 151.327708333333 0.227331277934513 0.000298272302309452 2.82786489
15151021 151.35025462963 0.218013712506613 0.000421215196438522 2.63871980
15151022 151.362025462963 0.228277542022813 0.000388195383994919 2.57981992
15151023 151.376493055556 0.223861665008845 0.000298041582768433 2.47930980
15151024 151.400104166667 0.2249219965013 0.000460711060524336 2.31325006
15151050 151.787233796296 0.22078497879655 0.000733605499204842 3.00836492
15151051 151.791261574074 0.219519541333537 0.000777006786655199 2.99953008
15151052 151.795960648148 0.233193687093834 0.000305277772565743 3.00674987
15151053 151.817569444444 0.239956648839835 0.000317970675343351 2.71880484
15151054 151.839131944444 0.225186935911554 0.000312082973952305 2.63083506
15151055 151.860625 0.23481578606518 0.000345660074073883 2.47617483
15151056 151.881168981481 0.219398518992792 0.000304012501625344 2.28750491
15152015 152.301689814815 0.223584306743876 0.000300821532739624 3.01586986
15152016 152.322974537037 0.229886237323684 0.00030670296495155 2.83346987
15152017 152.344502314815 0.231543701755986 0.000312730228270348 2.73457479
15152018 152.366134259259 0.225515635189425 0.000372816883685878 2.55236506
15152020 152.384826388889 0.221024843826205 0.000381016307299863 2.46287489
15152050 152.799236111111 0.224193636408869 0.000294293899943888 3.01890993
15152051 152.821145833333 0.219020348068596 0.00046769072595774 2.83660483
15152052 152.830381944444 0.218752820250444 0.00029127837156585 2.74882483
15152053 152.852847222222 0.2305337520324 0.000317690629068857 2.59112477
15152054 152.873391203704 0.225991927754956 0.000271646266331072 2.45071483
15153014 153.268483796296 0.223124168351951 0.000293861033247493 3.06460476
15153015 153.29025462963 0.220890896083107 0.000287411136971601 2.88837981
15153017 153.315185185185 0.21865641919469 0.000299760377552818 2.72431493
15153018 153.336712962963 0.217593744533731 0.000297749394523314 2.50999498
15153019 153.359074074074 0.222212753741158 0.000351228649720392 2.29063988
15153022 153.379699074074 0.225140985972777 0.000468020166085359 2.26204491
15153052 153.853912037037 0.21468385228686 0.000295019031441764 3.12340999
15153053 153.875821759259 0.22417297138043 0.000298792261795494 2.96808505
15153054 153.897581018519 0.22107970544793 0.000302887860685279 2.81181002
15153055 153.919444444444 0.216019174285919 0.0003081067881313 2.64831471
15153056 153.940613425926 0.23134871413336 0.000317939329387471 2.55483484
15153057 153.962662037037 0.225238825674585 0.000316767854390098 2.37091494
15153058 153.984849537037 0.229291788768955 0.000263901117774858 2.28873992
15154001 154.018263888889 0.227751645457642 0.000305286355144386 2.11659980
15154002 154.044293981481 0.225430615906756 0.000390230626319204 1.98511994
15154003 154.061030092593 0.234990828461802 0.000407976898781994 1.87358999
15154021 154.494074074074 0.22423664936338 0.000329691121154179 2.70398498
15154022 154.513113425926 0.230219285651905 0.000307942220408218 2.60499477
15154023 154.535509259259 0.231265762447961 0.000330690243631368 2.53726006
15154024 154.555752314815 0.234231396667692 0.000412550086569823 2.43285489
15156019 156.333530092593 0.220739132085678 0.000296137690325381 3.05092502
15156020 156.355671296296 0.22556199438541 0.000306000825439502 2.88771486
15156021 156.377256944444 0.22037183228236 0.000310178433197417 2.72526479
15156022 156.398935185185 0.228597503810573 0.000323152999465661 2.55122495
15156023 156.420324074074 0.228022135269847 0.000443092740763417 2.44881487
15156024 156.434398148148 0.225902524109841 0.000458058167355726 2.38848996
15157022 157.432280092593 0.225762450676527 0.000590889260007857 3.02565479
15157023 157.437928240741 0.230567100718092 0.000285003357106425 2.96703982
15157024 157.460914351852 0.227839038733321 0.000288603827007149 2.70845008
15157025 157.483078703704 0.223256985854828 0.000293405166922737 2.60917473
15157028 157.510034722222 0.228452656091567 0.000297104586581515 2.81133485
15157029 157.531678240741 0.232048018699986 0.000352031408223512 2.28465509
15157059 157.946574074074 0.220178504920232 0.000292793004288784 3.16331005
15157060 157.967743055556 0.223352295722263 0.00024563165635421 3.02061987
15157061 157.999212962963 0.232426852026686 0.000255669138679907 2.78824973
15158001 158.030844907407 0.235519947367164 0.000448092068240681 2.56309986
15158039 158.519699074074 0.224963098832909 0.000286430541563888 3.05026007
15158040 158.542592592593 0.221469238204661 0.000304101097867852 2.91991997
15159005 159.105775462963 0.226361936989992 0.000299259919230416 3.07723999
15159006 159.127037037037 0.226212538904452 0.000299544065965739 3.00693989
15159007 159.148287037037 0.226213276235137 0.000302361456842224 2.88695502
15159008 159.169965277778 0.230112144616105 0.000275563557045674 2.80544496
15159009 159.19724537037 0.224590383974809 0.000236546086696922 2.58314490
15159031 159.594363425926 0.231528258065294 0.000303396268279421 2.92818475
15159032 159.615798611111 0.225913873451256 0.000292388935921635 2.80345011
15159033 159.638738425926 0.225764254980104 0.000307006128194851 2.61886501
15159034 159.660381944444 0.222899475819677 0.000296776838846832 2.48662496
15159035 159.68380787037 0.223264353933141 0.000311234761911294 2.31229997
15159036 159.706296296296 0.233259322995796 0.000319143904615757 2.25264001
15160004 160.116111111111 0.234618968177372 0.000247542979007175 3.09547997
15160005 160.148125 0.228723224020415 0.000386892311735296 2.83859992
15160006 160.163587962963 0.236467405191981 0.000305898837191862 2.77931976
15160007 160.186666666667 0.236271838169681 0.000287436127355264 2.63415980
15160042 160.798009259259 0.229467751062561 0.000300116059245558 3.15561485
15160043 160.820868055556 0.2259367020577 0.000314604155764599 2.90263009
15160044 160.84212962963 0.215663926023913 0.000302777298624857 2.79129004
15160045 160.863831018519 0.224427097502463 0.000310512405833052 2.68431973
15160046 160.885960648148 0.219210536213255 0.000326134362621105 2.37747002
15160047 160.907835648148 0.228836872232729 0.000323045378131485 2.35039496
15160048 160.930451388889 0.224180549846868 0.000451713087788846 2.19411993
15161016 161.326701388889 0.222082642940284 0.000302161440895106 3.07495999
15161017 161.34880787037 0.227009338093422 0.000641184425432156 2.90871000
15161018 161.355069444444 0.233689109926918 0.000312965999248922 2.83384991
15161019 161.377094907407 0.227339148586576 0.000306699606568661 2.69619465
15161020 161.399537037037 0.223609061604493 0.00051334445964366 2.55606985
15161021 161.408449074074 0.228077164419045 0.000305843785610834 2.55920482
15161022 161.431481481481 0.233709816309239 0.000782678621349998 2.36160493
15161068 161.909930555556 0.234129902243946 0.000335209142086512 2.40691996
15161069 161.930358796296 0.235209938936959 0.000348356080546628 2.32920980
15161070 161.95224537037 0.234848643183477 0.000314736635974908 2.18423986
15161071 161.973738425926 0.233763659942134 0.000306241910899634 2.09180498
15161072 161.996319444444 0.233209839703894 0.000324648456875828 1.99062991
15162001 162.017974537037 0.239635244993727 0.000402138656859726 1.77117991
15162027 162.569976851852 0.216945961610588 0.000290059921025502 2.92932487
15162028 162.592060185185 0.227275013368891 0.000320342268715075 2.67158985
15162029 162.612662037037 0.220436210513393 0.000304121659081597 2.53345990
15162030 162.634201388889 0.224562465780933 0.000317933858391941 2.41793990
15162031 162.654861111111 0.221559772953304 0.000679423513182887 2.28189993
15162032 162.660196759259 0.223013497296947 0.000315750635331369 2.29215980
15163006 163.097002314815 0.22018205781452 0.000307348052687888 3.22572470
15163007 163.11869212963 0.219317917507425 0.000303391757862858 3.00285482
15163008 163.140289351852 0.226325262565493 0.000312777315280206 2.85389495
15163009 163.16193287037 0.225634353064788 0.000307581069831406 2.70113492
15163010 163.183796296296 0.221552346454567 0.000303017113062758 2.53146482
15164002 164.029085648148 0.214364665076392 0.000274239838685538 4.24540997
15164003 164.050891203704 0.214153269952849 0.000287837890025368 4.27726030
15164004 164.071539351852 0.219519344178619 0.000275916587546458 4.00205040
15164005 164.094328703704 0.215451648845965 0.000262752980014074 3.68212008
15164006 164.11775462963 0.219204910254832 0.00028926218346477 3.47880006
15164007 164.139606481481 0.212016661449154 0.00028879028241544 3.17511988
15164008 164.161469907407 0.208299373657471 0.000275027584478515 3.10296988
15164009 164.184664351852 0.212200765290333 0.000292224709079185 2.93253994
15164049 164.702291666667 0.218029957219175 0.000274893924768674 6.89346647
15165040 165.665277777778 0.224465101258354 0.000267094825570655 7.15455008
15165041 165.686539351852 0.227061334743236 0.000279139145166282 6.65513372
15165042 165.708020833333 0.216043649939915 0.000268275672047142 6.28029966
15165043 165.729722222222 0.222192755291079 0.00026548795357572 5.93103313
15165044 165.753854166667 0.235016457582415 0.000389888567120157 5.57071686
15165045 165.767199074074 0.221162361317056 0.000634860104285235 5.41601658
15165046 165.772314814815 0.221744761225009 0.000300400170532159 5.41016674
15165047 165.79369212963 0.228720112830814 0.000502986022220529 5.02645016
15166010 166.152233796296 0.220742353133556 0.000255048163701708 7.48496723
15166011 166.173831018519 0.225907490479777 0.000316273246517271 6.90235043
15166014 166.206631944444 0.22506358465232 0.000268803222444464 6.14531660
15166015 166.228587962963 0.223662888658609 0.000262538975221019 5.85650015
15166016 166.2525 0.215579657834373 0.000276494184457663 5.38135004
15166017 166.273726851852 0.222340793338251 0.000295380898545887 5.28168344
15166040 166.670034722222 0.222834221607411 0.000266355505441099 6.62415028
15166041 166.692384259259 0.21551646532983 0.000261031224832264 6.19710016
15166042 166.714907407407 0.217160837145531 0.00036349897740267 5.83374977
15166043 166.728090277778 0.227474600072696 0.000278932883488052 5.72151709
15166044 166.75005787037 0.222423061006731 0.000281018399805711 5.26066685
15166045 166.771296296296 0.217552142351627 0.00092887282551955 5.04616690
15166046 166.773900462963 0.223233389471668 0.000664616307603941 5.01648378
15166047 166.778564814815 0.215496636992864 0.000360191819503099 4.89558363
