15077056 77.6056712962963 0.199655464634585 0.00238876089852254 1.00000000
15077057 77.6075694444444 0.20115298779098 0.000576318356349879 1.00000000
15077059 77.6317476851852 0.204698931589891 0.00257744187499203 1.00000000
15077060 77.6352199074074 0.203646163963885 0.00107131768997588 1.00000000
15077061 77.7052314814815 0.237871077980312 0.00075293418443187 2.98355985
15077062 77.7124074074074 0.200103358239234 0.000495543293992199 1.24060810
15077063 77.7255671296296 0.204756408691924 0.0013628586643713 1.09931993
15077066 77.7319328703704 0.210847408855514 0.00196660970574077 1.02623999
15077067 77.7353819444444 0.206713932449373 0.00284540093501148 1.00243807
15077069 77.7399768518518 0.206599657658069 0.000681473675026843 1.00000000
15077070 77.7514814814815 0.213218891596764 0.00102191734804709 1.00000000
15077079 77.7814236111111 0.207693916346206 0.00134847188057032 1.00000000
15077080 77.7850231481481 0.205086272941337 0.000807801820033515 1.00000000
15078001 78.0260185185185 0.195359285358239 0.000301249822401799 2.99467802
15078002 78.0481481481481 0.217883701530411 0.000822738919807264 1.80216599
15078003 78.0522569444444 0.212199363800163 0.000348838796040801 1.69247997
15078004 78.0754976851852 0.211611785356261 0.000457630666076848 1.28711414
15078005 78.0977314814815 0.211879883665884 0.000888020769278459 1.02254403
15078006 78.1041319444444 0.210443631426111 0.000487534085142698 1.00000000
15078007 78.1629513888889 0.195843511764319 0.00041625241586321 3.37433386
15078008 78.1709953703704 0.201345333368864 0.000962718782448033 2.66341186
15078009 78.1759375 0.21054441417935 0.00121910114943345 2.34755397
15078011 78.1840625 0.206979862031244 0.000326854486051123 2.03714991
15078012 78.2064236111111 0.223111610266688 0.0017319783676123 1.48692000
15078013 78.2083449074074 0.224015923730465 0.00184167230577288 1.46200192
15078016 78.2242939814815 0.206721129693008 0.00136718442588021 1.22600996
15078017 78.231400462963 0.206592272556039 0.000432227779292286 1.13467193
15078018 78.2521643518518 0.214806371101102 0.000740476454030223 1.00000000
15078019 78.2639930555556 0.218770192349354 0.00174280792650454 1.00000000
15078020 78.2672916666667 0.213657454068417 0.000925295693539732 1.00000000
15078021 78.2765393518518 0.209970457114143 0.00062080596211384 1.00000000
15078069 78.7375347222222 0.203446910056541 0.000375232517112943 2.79725409
15078071 78.7516203703704 0.208315673778757 0.000586548015272977 2.07042003
15078073 78.7587615740741 0.206077837271068 0.000401599836386438 1.83626401
15078074 78.7750925925926 0.211021275640965 0.000636945753549653 1.48598409
15078075 78.7829513888889 0.207470379525943 0.000589265802472261 1.35125399
15078103 78.8449652777778 0.212073902631897 0.000849224750698277 6.33873606
15078104 78.8535532407407 0.215559171306985 0.000867503244587472 6.01647043
15078107 78.8630324074074 0.207171888379591 0.000643560934873488 5.72029781
15078108 78.8786111111111 0.210213219600131 0.00126400419028067 1.00000000
15078109 78.9425925925926 0.212673955499468 0.000514429536137042 2.18605185
15078110 78.9511342592593 0.192468653151162 0.000374414747907255 1.87456799
15078111 78.9696875 0.190116811145245 0.00102026904457441 1.43952608
15078112 78.9730324074074 0.206305196838616 0.000492500874048375 1.38767409
15078113 78.9918865740741 0.212371467824522 0.000447551123974058 1.11747599
15079001 79.0137268518518 0.209453840545101 0.0004883599094397 1.00000000
15079002 79.0357060185185 0.206802542283787 0.000531533038921777 1.00000000
15079003 79.0572106481481 0.217716544629271 0.00109131951214996 1.00000000
15079007 79.1513773148148 0.213507707361965 0.000403587338501249 2.39868617
15079008 79.1666087962963 0.204021448745203 0.000746752945342659 1.85334003
15079009 79.1742824074074 0.223560930735771 0.000382771880957818 1.66117203
15079010 79.1959027777778 0.216154726979684 0.000440618251774408 1.25968802
15079013 79.2225347222222 0.218736665419879 0.000486908655169661 1.00000000
15079014 79.2441087962963 0.221123226569225 0.000530216263911676 1.00000000
15079016 79.2760763888889 0.222698481997199 0.000719711945566181 1.00000000
15079017 79.2916435185185 0.219547577238248 0.000762497063972098 1.00000000
15079018 79.3589236111111 0.2230500926451 0.000314857356981968 2.34334803
15079019 79.3810763888889 0.217021544199024 0.000351838374241662 1.62421799
15079020 79.4065625 0.211387819112182 0.000677195722781044 1.14584994
15079021 79.415462962963 0.222483464036431 0.000642759030202213 1.04099405
15079022 79.4266666666667 0.218745343950512 0.00137893133664465 1.00000000
15079023 79.430162037037 0.21999515414942 0.000504221644462749 1.00000000
15079024 79.4513194444444 0.222884177012672 0.00067454289831659 1.00000000
15079025 79.4650925925926 0.22849467220346 0.000592218369730246 1.00000000
15079026 79.4867013888889 0.222669908761398 0.000843497714012016 1.00000000
15079027 79.498287037037 0.22876126302494 0.000761877874895161 1.00000000
15079041 79.8178009259259 0.211508896001615 0.000327113301898578 3.22053003
15079042 79.8333217592593 0.214285768221314 0.00192178073237766 2.27833200
15079046 79.8441782407407 0.217244398379242 0.000539527187035083 1.94383192
15079047 79.8534143518519 0.230996800102866 0.000783284273696561 1.69101000
15079048 79.8592013888889 0.219922736331325 0.00153391953540843 1.57172406
15079050 79.863900462963 0.22037512783783 0.00425698503522233 1.48411191
15079051 79.8667592592593 0.220026178172421 0.000567081882374754 1.43875813
15079052 79.8775578703704 0.221677343284441 0.000524212089473727 1.29555607
15079056 79.8941087962963 0.224074396790149 0.000710576092699118 1.09361410
15079057 79.9034722222222 0.224110761687428 0.000517008567239615 1.00000000
15079058 79.9224652777778 0.22170235230343 0.00353478579680631 1.00000000
15079059 79.9247222222222 0.231344593334554 0.00129208269456626 1.00000000
15079060 79.9288194444444 0.221201352800402 0.000536026463374019 1.00000000
15079061 79.9491898148148 0.215625932500435 0.00147681550536376 1.00000000
15079062 79.953900462963 0.219671519954401 0.00130530526471777 1.00000000
15079063 79.9583564814815 0.217940507103529 0.000763035475837849 1.00000000
15080002 80.0950578703704 0.217521328336737 0.000283925791025028 2.62375188
15080003 80.1193402777778 0.223990433372423 0.000364488585953189 1.74821413
15080004 80.1412152777778 0.216046719731451 0.000415125596865837 1.34359801
15080005 80.1628703703704 0.223585328212026 0.000461150427077951 1.07495403
15080006 80.1846412037037 0.2223775298115 0.000499672370708631 1.00000000
15080007 80.206412037037 0.218921727366378 0.000566088988238584 1.00000000
15080008 80.2265393518519 0.2201647528598 0.000612662227591767 1.00000000
15080009 80.2849074074074 0.218984825393762 0.000324051568390592 3.00551391
15080010 80.3030555555556 0.219564521478009 0.00034323633301932 2.09994006
15080011 80.3231134259259 0.226622424699611 0.000477582333410491 1.58236194
15080012 80.3381018518518 0.213041897973752 0.000517156941911085 1.32165599
15080013 80.3515393518519 0.223137458850007 0.000503058399663315 1.14621007
15080014 80.3690509259259 0.224722331277727 0.000493526754836903 1.00000000
15080015 80.3911458333333 0.211177454934351 0.000495388486157872 1.00000000
15080016 80.41375 0.221994955053424 0.000835973790478508 1.00000000
15080024 80.435150462963 0.21825402565194 0.000907132709521279 1.00000000
15080029 80.5337268518519 0.20934891121282 0.000271691286788636 2.88519621
15080032 80.5591550925926 0.436128868481094 0.00299830568441737 1.85289001
15080035 80.5697685185185 0.217741227119394 0.000419429445978375 1.61953199
15080036 80.5862384259259 0.218882096901644 0.000551948582164806 1.37401807
15080037 80.5967939814815 0.221210908131352 0.000481151785827557 1.26100802
15080038 80.6118171296296 0.214247199539547 0.000416166419440939 1.13585997
15080039 80.6335648148148 0.210580752200945 0.000745044401054107 1.00000000
15080041 80.6473726851852 0.223742207237918 0.000665771601920983 1.00000000
15080042 80.6583101851852 0.229843817981004 0.000563206508587345 1.00000000
15080043 80.6749074074074 0.208625367697445 0.00055444025381041 1.00000000
15080044 80.6923726851852 0.211903246267673 0.00097370827030528 1.00000000
15080045 80.699525462963 0.226445782302384 0.000530076473914545 1.00000000
15080052 80.7835763888889 0.204736648861112 0.00739725658083885 3.67340994
15080053 80.7862384259259 0.208647918005313 0.00288681543842183 3.40923619
15080054 80.7892476851852 0.202438759986249 0.000288900112776775 3.10255194
15080055 80.8076157407407 0.212323177422716 0.000345485969781041 2.29344010
15080056 80.8268287037037 0.220836819981017 0.000387893784331486 1.83099592
15080057 80.8461921296296 0.217535838340036 0.000370646279495343 1.53586197
15080058 80.8679976851852 0.215671618869161 0.000877134471442282 1.29724193
15080060 80.8787731481481 0.222655939828994 0.000380173507671765 1.20168602
15080061 80.9049768518519 0.210069303836695 0.000656066640885622 1.02955806
15080062 80.915162037037 0.212329479968337 0.000609975853438355 1.00000000
15080063 80.9274074074074 0.209905691234838 0.000550237503676475 1.00000000
15080064 80.9889583333333 0.213089785263432 0.000265043013441061 2.95999813
15081002 81.0221412037037 0.213247401510355 0.000333014774561073 1.78981197
15081004 81.063900462963 0.219544504373283 0.000399055926164055 1.23059404
15081005 81.0860648148148 0.221818953000277 0.000426688223066061 1.05308402
15081006 81.1082291666667 0.214176395304461 0.000451172029461667 1.00000000
15081007 81.1298842592593 0.214517603231151 0.000569700210766109 1.00000000
15081008 81.1848263888889 0.218295318350039 0.000282448498646432 2.66485810
15081009 81.2062152777778 0.213497364769136 0.000331763172664207 1.86088800
15081010 81.2268865740741 0.213113489953952 0.000364863149502648 1.46681392
15081011 81.2482638888889 0.214612052984038 0.00039301311072676 1.22765994
15081012 81.2699537037037 0.214528159800017 0.000425116430346156 1.03428006
15081013 81.291724537037 0.22529128438111 0.000469872872785774 1.00000000
15081014 81.3125347222222 0.217876735709517 0.000528282727276784 1.00000000
15081016 81.3318634259259 0.218023937026025 0.000809086811979125 1.00000000
15081017 81.3414814814815 0.226259602498344 0.000692176727865186 1.00000000
15081022 81.4192939814815 0.206924483621151 0.00147479728612112 2.15208626
15081023 81.4216782407407 0.21113516472318 0.000441291694371057 2.07380986
15081024 81.4381597222222 0.206323324962056 0.000490523327734688 1.74949205
15081025 81.4491550925926 0.202828031126787 0.00035099774923931 1.58830202
15081026 81.4715740740741 0.204788454241741 0.000380613411571348 1.33298397
15081027 81.4985069444445 0.210800095327695 0.000407776810593922 1.12453806
15081028 81.5216087962963 0.208760388875106 0.000540516012354366 1.00000000
15081029 81.5358912037037 0.207747750427615 0.000475214464975846 1.00000000
15081034 81.6266550925926 0.202078121233491 0.000320190861308044 1.98672605
15081036 81.6504398148148 0.202626919985882 0.000396965006270238 1.51471806
15081037 81.6680902777778 0.198290093463741 0.000380441333734371 1.28862000
15081038 81.6898611111111 0.201922175966219 0.000995965364068395 1.08895195
15081041 81.6986921296296 0.200805425999347 0.000413719857234808 1.02618003
15081042 81.7212615740741 0.203416201839221 0.000485176712720402 1.00000000
15081043 81.7408449074074 0.20209549184584 0.000382969035978312 1.00000000
15081044 81.7729166666667 0.207455861490475 0.00142192859593859 1.00000000
15082004 82.0615393518518 0.21791824627534 0.000341335820638928 1.48770595
15082005 82.0830902777778 0.204660035264419 0.000362109884149701 1.26346815
15082006 82.1039351851852 0.213751612623687 0.000669262610077427 1.11550808
15082007 82.1138888888889 0.210163407853122 0.000374928056130751 1.05838811
15082008 82.1360532407407 0.209636269310097 0.000386528835593155 1.00000000
15082009 82.1580092592593 0.211826906543394 0.000397144592842219 1.00000000
15082013 82.2645023148148 0.205405485694333 0.00028320328053126 3.21228600
15082014 82.2834375 0.213461931769721 0.000596973636728649 2.22790813
15082017 82.2946180555556 0.206781865840651 0.00031568523290516 1.96324813
15082018 82.3161805555556 0.21091835633351 0.000365963557777327 1.64348400
15082021 82.3385185185185 0.213501062589103 0.000397653741211881 1.40796006
15082022 82.3605555555555 0.217384654373736 0.000401323251347832 1.22656202
15082023 82.3819097222222 0.210536043091668 0.00509445685403509 1.12460399
15082024 82.3844212962963 0.213413504650556 0.000631756952750766 1.11151803
15082025 82.3936342592593 0.216149423818727 0.000451332698193231 1.06014597
15082028 82.4149305555556 0.217144900609068 0.000738808804779287 1.00000000
15082030 82.4247916666667 0.221532231785755 0.00293194651115123 1.00000000
15082031 82.4276851851852 0.211417825138795 0.00405544735769529 1.00000000
15082050 82.5615625 0.212236053565749 0.00166277888640667 3.73444176
15082052 82.5662731481481 0.197071184655036 0.000281448484761179 3.21621013
15082053 82.5857175925926 0.209222086301604 0.000311353470399442 2.34138608
15082055 82.6089930555556 0.194295516160174 0.000339169440484024 1.85544598
15082056 82.6274652777778 0.211009901421049 0.000346806832366118 1.61612391
15082057 82.6477893518519 0.212886627738608 0.00036295192227769 1.42050600
15082058 82.6690625 0.211641516916941 0.000356270337018816 1.26944995
15082059 82.6906712962963 0.215923965310383 0.000368326935722629 1.19867396
15082060 82.7122453703704 0.204955618409259 0.000477255253310639 1.21724999
15082064 82.8290740740741 0.216973430315289 0.000424553368631416 3.36314392
15082065 82.8413541666667 0.213448903254302 0.000534969072893195 2.46597600
15082066 82.8492824074074 0.200284331428994 0.000312557208574087 2.21055007
15082067 82.8732407407407 0.201660726625851 0.000343490511290119 1.70413196
15082069 82.8963657407407 0.206275742662757 0.000341246619000485 1.39883411
15082071 82.9235185185185 0.217792694891001 0.000375468196374906 1.16590190
15082073 82.9490625 0.207802428407883 0.000434349611116121 1.05408597
15082074 82.9677314814815 0.218107974058839 0.000412114561901331 1.00000000
15082075 82.9896064814815 0.215544837327069 0.000534397504739531 1.00000000
15083002 83.0451967592593 0.201840299217027 0.000339719449999237 3.12858605
15083003 83.0593981481482 0.204908168998038 0.000302932034619076 2.36440802
15083004 83.0819097222222 0.214889733589017 0.000335745530649811 1.84940398
15083005 83.1038194444444 0.202798977396805 0.000349978855661066 1.56351590
15083007 83.1266550925926 0.212723486794271 0.000370159016526635 1.35924602
15083008 83.1484375 0.214414758171804 0.000387564608766583 1.21851003
15083009 83.1701851851852 0.225537318404864 0.000402387961770153 1.11117601
15083010 83.191724537037 0.213883948540959 0.000521158420154917 1.02155399
15083014 83.3198032407407 0.206956141427192 0.000359233513549661 2.44598389
15083015 83.3358564814815 0.217008893670877 0.000348057864566926 1.84732199
15083017 83.3592939814815 0.212979104941441 0.000564315092548182 1.50293410
15083019 83.3749074074074 0.217613132572398 0.000471581823725342 1.36010408
15083021 83.3915856481482 0.216356171015583 0.000411256618506624 1.23416996
15083023 83.4124074074074 0.215960844283977 0.000543311879697625 1.11057603
15083024 83.4253125 0.209787829299123 0.0013210305179849 1.05065405
15083025 83.4315277777778 0.215353466822246 0.000448389053243347 1.02971995
15083026 83.4520486111111 0.21641678542111 0.000798653693313109 1.00000000
15083027 83.4604050925926 0.221879793424244 0.00153595009829683 1.00000000
15083028 83.4633796296296 0.224180207594766 0.000490275287220115 1.00000000
15083029 83.4850578703704 0.216009239277696 0.000686515209620316 1.00000000
15083030 83.4972453703704 0.215275895054695 0.000530603001111304 1.00000000
15083031 83.5162268518519 0.214023841222382 0.000731895702168661 1.00000000
