15089023 89.4200694444444 0.149145608828078 0.000179448689864438 3.44983435
15089024 89.4417361111111 0.151180829276743 0.000182768828649037 3.69842315
15089025 89.4638194444444 0.132481521490899 0.000170099310110176 4.06995153
15089026 89.487974537037 0.142525942378821 0.000198440419845786 3.59908152
15089027 89.5105555555555 0.141359074140591 0.000211927072203382 2.76788902
15089051 89.8719907407407 0.159579480549965 0.000551945345660645 2.85790181
15089052 89.8818981481482 0.148689559630692 0.00026306106652759 2.92264223
15089053 89.898125 0.158540352212139 0.000204560499983067 3.27509427
15089054 89.9187152777778 0.145081541986474 0.000253846121545622 3.45184016
15090002 90.0050578703704 0.142375156617089 0.000168557465605154 3.30662751
15090003 90.0286805555556 0.149579640335335 0.000182639487932129 3.66831136
15090004 90.0505439814815 0.146357581440657 0.000173597671105563 4.00363779
15090005 90.0762731481481 0.152440242346272 0.000207630646518068 3.38157988
15090006 90.0984375 0.0643271970072236 0.0234286712696889 2.63965940
15090007 90.0997453703704 0.159789062201926 0.00023622628038976 2.61233091
15090020 90.3642708333333 0.158895705437682 0.000198093179325245 2.66447210
15090022 90.3882060185185 0.151810859056914 0.000296914894975107 3.22926450
15090038 90.548125 0.135174856518364 0.00016892168422566 3.07412934
15090039 90.5692361111111 0.136320150438463 0.000176512479443578 3.57634854
15090047 90.6059606481481 0.150621516422675 0.000170569039043045 3.81924677
15090048 90.6353703703704 0.157530512213312 0.000214669189028011 3.12701559
15090049 90.6573148148148 0.150841972096329 0.000248159196850291 2.91236591
15090050 90.6749768518519 0.152503858306487 0.000275791613658437 2.71479130
15091006 91.1368402777778 0.147807029197996 0.000169216511343626 3.22141242
15091007 91.1589814814815 0.145959200116869 0.00017303625614757 3.64447880
15091008 91.1802430555556 0.140436494327575 0.000322467132935013 3.81354284
15091024 91.448275462963 0.145120787344339 0.000163395312969415 3.42685270
15091025 91.4709027777778 0.137936389126056 0.000174433509395611 3.85387993
15091026 91.4907638888889 0.145598033904549 0.000175931733496302 4.14335346
15091027 91.5121064814815 0.150669005879833 0.000185987877135215 4.10588169
15091028 91.5333217592593 0.150981602174665 0.000193739858856443 3.66579080
15091029 91.554849537037 0.152377919574547 0.000202810835491977 3.28497028
15092004 92.0518287037037 0.131574224875564 0.0001587702658019 3.31764865
15092005 92.0735300925926 0.153733940789987 0.000185801395295773 3.73406839
15092006 92.0941782407407 0.10879866902113 0.011667398909302 4.01906109
15092007 92.0962268518519 0.152331562028051 0.000182311857594766 4.03054333
15092008 92.1183796296296 0.153198531470452 0.00019933380784397 3.64848995
15092009 92.1399652777778 0.147651768283402 0.000202284885059243 3.14628959
15092011 92.1634259259259 0.154124512533395 0.000212265578083868 2.79030037
15092012 92.1857291666667 0.151693593199291 0.000217572280418003 2.57491422
15092013 92.2077893518518 0.157294274136822 0.000329866546013641 2.37794232
15092076 92.9559259259259 0.130575430669562 0.000743391124856995 3.20570350
15092077 92.9597685185185 0.129440285128197 0.00017937303563514 3.01957345
15092078 92.9771875 0.135222756284403 0.00015676473860945 3.32247448
15092079 92.9999189814815 0.136053317106739 0.000163563978254065 3.79707479
15093001 93.0216666666667 0.131846335092961 0.000164632547221705 3.87589121
15093002 93.0440277777778 0.149441527897693 0.000179293418040116 3.74883461
15093003 93.0659259259259 0.155137413862747 0.000190525203714548 3.45192266
15093004 93.088275462963 0.14813814762561 0.000189101817174819 3.18889046
15093005 93.1108912037037 0.140134097467117 0.000195549494551667 2.94354916
15093006 93.1325462962963 0.147051527808183 0.000206653331761547 2.71813083
15093007 93.1541782407407 0.139738421640985 0.000204866370674716 2.54553413
15093008 93.1762731481482 0.147598896502717 0.000276435259405293 2.35879278
15093031 93.4782060185185 0.137440475217063 0.000162151917491394 3.00082397
15093034 93.505162037037 0.143716680493464 0.000179040117327447 3.50292301
15093035 93.5290509259259 0.148537783233153 0.000172738346721436 3.72352958
15093036 93.5511226851852 0.149745495889085 0.000186690747540823 3.57382274
15093037 93.5717476851852 0.146724600772702 0.000186380310385027 3.10719872
15093038 93.593275462963 0.150112827338068 0.000191205724343411 3.03179574
15093039 93.6153472222222 0.15018621885214 0.000193331563787674 2.92075157
15093040 93.6378587962963 0.148802367929325 0.000224712242914705 2.85430479
15093041 93.6553240740741 0.157025709538719 0.000309567449979427 2.68001533
